0.02075195 0.35278320 0.99792480 0.96667480
0.35278320 0.99792480 0.96667480 0.43542480
0.99792480 0.96667480 0.43542480 0.40307617
0.96667480 0.43542480 0.40307617 0.85302734
0.43542480 0.40307617 0.85302734 0.50317383
0.40307617 0.85302734 0.50317383 0.55493164
0.85302734 0.50317383 0.55493164 0.43493652
0.50317383 0.55493164 0.43493652 0.39477539
0.55493164 0.43493652 0.39477539 0.71191406
0.43493652 0.39477539 0.71191406 0.10400391
0.39477539 0.71191406 0.10400391 0.76818848
0.71191406 0.10400391 0.76818848 0.06079102
0.10400391 0.76818848 0.06079102 0.03356934
0.76818848 0.06079102 0.03356934 0.57067871
0.06079102 0.03356934 0.57067871 0.70263672
0.03356934 0.57067871 0.70263672 0.94616699
0.57067871 0.70263672 0.94616699 0.08679199
0.70263672 0.94616699 0.08679199 0.47558594
0.94616699 0.08679199 0.47558594 0.08593750
0.08679199 0.47558594 0.08593750 0.46105957
0.47558594 0.08593750 0.46105957 0.83886719
0.08593750 0.46105957 0.83886719 0.26245117
0.46105957 0.83886719 0.26245117 0.46215820
0.83886719 0.26245117 0.46215820 0.85754395
0.26245117 0.46215820 0.85754395 0.57995605
0.46215820 0.85754395 0.57995605 0.86035156
0.85754395 0.57995605 0.86035156 0.62768555
0.57995605 0.86035156 0.62768555 0.67187500
0.86035156 0.62768555 0.67187500 0.42321777
0.62768555 0.67187500 0.42321777 0.19555664
0.67187500 0.42321777 0.19555664 0.32482910
0.42321777 0.19555664 0.32482910 0.52270508
0.19555664 0.32482910 0.52270508 0.88696289
0.32482910 0.52270508 0.88696289 0.08020020
0.52270508 0.88696289 0.08020020 0.36352539
0.88696289 0.08020020 0.36352539 0.18066406
0.08020020 0.36352539 0.18066406 0.07165527
0.36352539 0.18066406 0.07165527 0.21826172
0.18066406 0.07165527 0.21826172 0.71081543
0.07165527 0.21826172 0.71081543 0.08532715
0.21826172 0.71081543 0.08532715 0.45068359
0.71081543 0.08532715 0.45068359 0.66247559
0.08532715 0.45068359 0.66247559 0.26342773
0.45068359 0.66247559 0.26342773 0.47875977
0.66247559 0.26342773 0.47875977 0.13989258
0.26342773 0.47875977 0.13989258 0.37841797
0.47875977 0.13989258 0.37841797 0.43383789
0.13989258 0.37841797 0.43383789 0.37609863
0.37841797 0.43383789 0.37609863 0.39440918
0.43383789 0.37609863 0.39440918 0.70568848
0.37609863 0.39440918 0.70568848 0.99804688
0.39440918 0.70568848 0.99804688 0.96875000
0.70568848 0.99804688 0.96875000 0.47070312
0.99804688 0.96875000 0.47070312 0.00292969
0.96875000 0.47070312 0.00292969 0.04980469
0.47070312 0.00292969 0.04980469 0.84667969
0.00292969 0.04980469 0.84667969 0.39526367
0.04980469 0.84667969 0.39526367 0.72021484
0.84667969 0.39526367 0.72021484 0.24511719
0.39526367 0.72021484 0.24511719 0.16748047
0.72021484 0.24511719 0.16748047 0.84741211
0.24511719 0.16748047 0.84741211 0.40771484
0.16748047 0.84741211 0.40771484 0.93188477
0.84741211 0.40771484 0.93188477 0.84387207
0.40771484 0.93188477 0.84387207 0.34753418
0.93188477 0.84387207 0.34753418 0.90869141
0.84387207 0.34753418 0.90869141 0.44958496
0.34753418 0.90869141 0.44958496 0.64379883
0.90869141 0.44958496 0.64379883 0.94580078
0.44958496 0.64379883 0.94580078 0.08056641
0.64379883 0.94580078 0.08056641 0.36975098
0.94580078 0.08056641 0.36975098 0.28649902
0.08056641 0.36975098 0.28649902 0.87097168
0.36975098 0.28649902 0.87097168 0.80822754
0.28649902 0.87097168 0.80822754 0.74145508
0.87097168 0.80822754 0.74145508 0.60620117
0.80822754 0.74145508 0.60620117 0.30664062
0.74145508 0.60620117 0.30664062 0.21350098
0.60620117 0.30664062 0.21350098 0.62988281
0.30664062 0.21350098 0.62988281 0.70922852
0.21350098 0.62988281 0.70922852 0.05834961
0.62988281 0.70922852 0.05834961 0.99194336
0.70922852 0.05834961 0.99194336 0.86499023
0.05834961 0.99194336 0.86499023 0.70654297
0.99194336 0.86499023 0.70654297 0.01269531
0.86499023 0.70654297 0.01269531 0.21582031
0.70654297 0.01269531 0.21582031 0.66931152
0.01269531 0.21582031 0.66931152 0.37963867
0.21582031 0.66931152 0.37963867 0.45458984
0.66931152 0.37963867 0.45458984 0.72888184
0.37963867 0.45458984 0.72888184 0.39245605
0.45458984 0.72888184 0.39245605 0.67248535
0.72888184 0.39245605 0.67248535 0.43359375
0.39245605 0.67248535 0.43359375 0.37194824
0.67248535 0.43359375 0.37194824 0.32385254
0.43359375 0.37194824 0.32385254 0.50610352
0.37194824 0.32385254 0.50610352 0.60473633
0.32385254 0.50610352 0.60473633 0.28173828
0.50610352 0.60473633 0.28173828 0.79003906
0.60473633 0.28173828 0.79003906 0.43225098
0.28173828 0.79003906 0.43225098 0.34912109
0.79003906 0.43225098 0.34912109 0.93566895
0.43225098 0.34912109 0.93566895 0.90820312
0.34912109 0.93566895 0.90820312 0.44128418
0.93566895 0.90820312 0.44128418 0.50268555
0.90820312 0.44128418 0.50268555 0.54663086
0.44128418 0.50268555 0.54663086 0.29382324
0.50268555 0.54663086 0.29382324 0.99548340
0.54663086 0.29382324 0.99548340 0.92517090
0.29382324 0.99548340 0.92517090 0.72973633
0.99548340 0.92517090 0.72973633 0.40698242
0.92517090 0.72973633 0.40698242 0.91943359
0.72973633 0.40698242 0.91943359 0.63220215
0.40698242 0.91943359 0.63220215 0.74865723
0.91943359 0.63220215 0.74865723 0.72863770
0.63220215 0.74865723 0.72863770 0.38830566
0.74865723 0.72863770 0.38830566 0.60192871
0.72863770 0.38830566 0.60192871 0.23400879
0.38830566 0.60192871 0.23400879 0.97851562
0.60192871 0.23400879 0.97851562 0.63671875
0.23400879 0.97851562 0.63671875 0.82543945
0.97851562 0.63671875 0.82543945 0.03417969
0.63671875 0.82543945 0.03417969 0.58105469
0.82543945 0.03417969 0.58105469 0.87902832
0.03417969 0.58105469 0.87902832 0.94519043
0.58105469 0.87902832 0.94519043 0.07019043
0.87902832 0.94519043 0.07019043 0.19335938
0.94519043 0.07019043 0.19335938 0.28747559
0.07019043 0.19335938 0.28747559 0.88757324
0.19335938 0.28747559 0.88757324 0.09057617
0.28747559 0.88757324 0.09057617 0.53991699
0.88757324 0.09057617 0.53991699 0.17968750
0.09057617 0.53991699 0.17968750 0.05505371
0.53991699 0.17968750 0.05505371 0.93591309
0.17968750 0.05505371 0.93591309 0.91235352
0.05505371 0.93591309 0.91235352 0.51184082
0.93591309 0.91235352 0.51184082 0.70227051
0.91235352 0.51184082 0.70227051 0.93994141
0.51184082 0.70227051 0.93994141 0.98083496
0.70227051 0.93994141 0.98083496 0.67614746
0.93994141 0.98083496 0.67614746 0.49584961
0.98083496 0.67614746 0.49584961 0.43041992
0.67614746 0.49584961 0.43041992 0.31799316
0.49584961 0.43041992 0.31799316 0.40649414
0.43041992 0.31799316 0.40649414 0.91113281
0.31799316 0.40649414 0.91113281 0.49108887
0.40649414 0.91113281 0.49108887 0.34948730
0.91113281 0.49108887 0.34948730 0.94189453
0.49108887 0.34948730 0.94189453 0.01416016
0.34948730 0.94189453 0.01416016 0.24072266
0.94189453 0.01416016 0.24072266 0.09277344
0.01416016 0.24072266 0.09277344 0.57727051
0.24072266 0.09277344 0.57727051 0.81469727
0.09277344 0.57727051 0.81469727 0.85144043
0.57727051 0.81469727 0.85144043 0.47619629
0.81469727 0.85144043 0.47619629 0.09631348
0.85144043 0.47619629 0.09631348 0.63745117
0.47619629 0.09631348 0.63745117 0.83789062
0.09631348 0.63745117 0.83789062 0.24584961
0.63745117 0.83789062 0.24584961 0.17993164
0.83789062 0.24584961 0.17993164 0.05920410
0.24584961 0.17993164 0.05920410 0.00659180
0.17993164 0.05920410 0.00659180 0.11206055
0.05920410 0.00659180 0.11206055 0.90515137
0.00659180 0.11206055 0.90515137 0.38940430
0.11206055 0.90515137 0.38940430 0.62060547
0.90515137 0.38940430 0.62060547 0.55151367
0.38940430 0.62060547 0.55151367 0.37683105
0.62060547 0.55151367 0.37683105 0.40686035
0.55151367 0.37683105 0.40686035 0.91735840
0.37683105 0.40686035 0.91735840 0.59692383
0.40686035 0.91735840 0.59692383 0.14892578
0.91735840 0.59692383 0.14892578 0.53198242
0.59692383 0.14892578 0.53198242 0.04479980
0.14892578 0.53198242 0.04479980 0.76159668
0.53198242 0.04479980 0.76159668 0.94860840
0.04479980 0.76159668 0.94860840 0.12829590
0.76159668 0.94860840 0.12829590 0.18127441
0.94860840 0.12829590 0.18127441 0.08203125
0.12829590 0.18127441 0.08203125 0.39465332
0.18127441 0.08203125 0.39465332 0.70983887
0.08203125 0.39465332 0.70983887 0.06872559
0.39465332 0.70983887 0.06872559 0.16845703
0.70983887 0.06872559 0.16845703 0.86401367
0.06872559 0.16845703 0.86401367 0.68994141
0.16845703 0.86401367 0.68994141 0.73034668
0.86401367 0.68994141 0.73034668 0.41735840
0.68994141 0.73034668 0.41735840 0.09594727
0.73034668 0.41735840 0.09594727 0.63122559
0.41735840 0.09594727 0.63122559 0.73205566
0.09594727 0.63122559 0.73205566 0.44641113
0.63122559 0.73205566 0.44641113 0.58984375
0.73205566 0.44641113 0.58984375 0.02856445
0.44641113 0.58984375 0.02856445 0.48559570
0.58984375 0.02856445 0.48559570 0.25610352
0.02856445 0.48559570 0.25610352 0.35424805
0.48559570 0.25610352 0.35424805 0.02294922
0.25610352 0.35424805 0.02294922 0.39013672
0.35424805 0.02294922 0.39013672 0.63305664
0.02294922 0.39013672 0.63305664 0.76318359
0.39013672 0.63305664 0.76318359 0.97558594
0.63305664 0.76318359 0.97558594 0.58691406
0.76318359 0.97558594 0.58691406 0.97863770
0.97558594 0.58691406 0.97863770 0.63879395
0.58691406 0.97863770 0.63879395 0.86071777
0.97863770 0.63879395 0.86071777 0.63391113
0.63879395 0.86071777 0.63391113 0.77770996
0.86071777 0.63391113 0.77770996 0.22265625
0.63391113 0.77770996 0.22265625 0.78552246
0.77770996 0.22265625 0.78552246 0.35546875
0.22265625 0.78552246 0.35546875 0.04370117
0.78552246 0.35546875 0.04370117 0.74291992
0.35546875 0.04370117 0.74291992 0.63110352
0.04370117 0.74291992 0.63110352 0.72998047
0.74291992 0.63110352 0.72998047 0.41113281
0.63110352 0.72998047 0.41113281 0.98999023
0.72998047 0.41113281 0.98999023 0.83178711
0.41113281 0.98999023 0.83178711 0.14208984
0.98999023 0.83178711 0.14208984 0.41577148
0.83178711 0.14208984 0.41577148 0.06896973
0.14208984 0.41577148 0.06896973 0.17260742
0.41577148 0.06896973 0.17260742 0.93457031
0.06896973 0.17260742 0.93457031 0.88952637
0.17260742 0.93457031 0.88952637 0.12377930
0.93457031 0.88952637 0.12377930 0.10449219
0.88952637 0.12377930 0.10449219 0.77648926
0.12377930 0.10449219 0.77648926 0.20190430
0.10449219 0.77648926 0.20190430 0.43273926
0.77648926 0.20190430 0.43273926 0.35742188
0.20190430 0.43273926 0.35742188 0.07690430
0.43273926 0.35742188 0.07690430 0.30749512
0.35742188 0.07690430 0.30749512 0.22802734
0.07690430 0.30749512 0.22802734 0.87683105
0.30749512 0.22802734 0.87683105 0.90783691
0.22802734 0.87683105 0.90783691 0.43505859
0.87683105 0.90783691 0.43505859 0.39685059
0.90783691 0.43505859 0.39685059 0.74719238
0.43505859 0.39685059 0.74719238 0.70373535
0.39685059 0.74719238 0.70373535 0.96484375
0.74719238 0.70373535 0.96484375 0.40429688
0.70373535 0.96484375 0.40429688 0.87377930
0.96484375 0.40429688 0.87377930 0.85595703
0.40429688 0.87377930 0.85595703 0.55297852
0.87377930 0.85595703 0.55297852 0.40173340
0.85595703 0.55297852 0.40173340 0.83020020
0.55297852 0.40173340 0.83020020 0.11511230
0.40173340 0.83020020 0.11511230 0.95703125
0.83020020 0.11511230 0.95703125 0.27148438
0.11511230 0.95703125 0.27148438 0.61572266
0.95703125 0.27148438 0.61572266 0.46850586
0.27148438 0.61572266 0.46850586 0.96545410
0.61572266 0.46850586 0.96545410 0.41467285
0.46850586 0.96545410 0.41467285 0.05029297
0.96545410 0.41467285 0.05029297 0.85498047
0.41467285 0.05029297 0.85498047 0.53637695
0.05029297 0.85498047 0.53637695 0.11950684
0.85498047 0.53637695 0.11950684 0.03186035
0.53637695 0.11950684 0.03186035 0.54162598
0.11950684 0.03186035 0.54162598 0.20874023
0.03186035 0.54162598 0.20874023 0.54895020
0.54162598 0.20874023 0.54895020 0.33325195
0.20874023 0.54895020 0.33325195 0.66589355
0.54895020 0.33325195 0.66589355 0.32153320
0.33325195 0.66589355 0.32153320 0.46667480
0.66589355 0.32153320 0.46667480 0.93432617
0.32153320 0.46667480 0.93432617 0.88537598
0.46667480 0.93432617 0.88537598 0.05322266
0.93432617 0.88537598 0.05322266 0.90478516
0.88537598 0.05322266 0.90478516 0.38317871
0.05322266 0.90478516 0.38317871 0.51477051
0.90478516 0.38317871 0.51477051 0.75207520
0.38317871 0.51477051 0.75207520 0.78674316
0.51477051 0.75207520 0.78674316 0.37622070
0.75207520 0.78674316 0.37622070 0.39648438
0.78674316 0.37622070 0.39648438 0.74096680
0.37622070 0.39648438 0.74096680 0.59790039
0.39648438 0.74096680 0.59790039 0.16552734
0.74096680 0.59790039 0.16552734 0.81420898
0.59790039 0.16552734 0.81420898 0.84313965
0.16552734 0.81420898 0.84313965 0.33508301
0.81420898 0.84313965 0.33508301 0.69702148
0.84313965 0.33508301 0.69702148 0.85070801
0.33508301 0.69702148 0.85070801 0.46374512
0.69702148 0.85070801 0.46374512 0.88452148
0.85070801 0.46374512 0.88452148 0.03869629
0.46374512 0.88452148 0.03869629 0.65783691
0.88452148 0.03869629 0.65783691 0.18457031
0.03869629 0.65783691 0.18457031 0.13806152
0.65783691 0.18457031 0.13806152 0.34729004
0.18457031 0.13806152 0.34729004 0.90454102
0.13806152 0.34729004 0.90454102 0.37902832
0.34729004 0.90454102 0.37902832 0.44421387
0.90454102 0.37902832 0.44421387 0.55249023
0.37902832 0.44421387 0.55249023 0.39343262
0.44421387 0.55249023 0.39343262 0.68908691
0.55249023 0.39343262 0.68908691 0.71582031
0.39343262 0.68908691 0.71582031 0.17041016
0.68908691 0.71582031 0.17041016 0.89721680
0.71582031 0.17041016 0.89721680 0.25451660
0.17041016 0.89721680 0.25451660 0.32727051
0.89721680 0.25451660 0.32727051 0.56420898
0.25451660 0.32727051 0.56420898 0.59265137
0.32727051 0.56420898 0.59265137 0.07629395
0.56420898 0.59265137 0.07629395 0.29711914
0.59265137 0.07629395 0.29711914 0.05163574
0.07629395 0.29711914 0.05163574 0.87780762
0.29711914 0.05163574 0.87780762 0.92443848
0.05163574 0.87780762 0.92443848 0.71728516
0.87780762 0.92443848 0.71728516 0.19531250
0.92443848 0.71728516 0.19531250 0.32067871
0.71728516 0.19531250 0.32067871 0.45214844
0.19531250 0.32067871 0.45214844 0.68737793
0.32067871 0.45214844 0.68737793 0.68676758
0.45214844 0.68737793 0.68676758 0.67639160
0.68737793 0.68676758 0.67639160 0.50000000
0.68676758 0.67639160 0.50000000 0.50097656
0.67639160 0.50000000 0.50097656 0.51757812
0.50000000 0.50097656 0.51757812 0.79980469
0.50097656 0.51757812 0.79980469 0.59826660
0.51757812 0.79980469 0.59826660 0.17175293
0.79980469 0.59826660 0.17175293 0.92004395
0.59826660 0.17175293 0.92004395 0.64257812
0.17175293 0.92004395 0.64257812 0.92504883
0.92004395 0.64257812 0.92504883 0.72766113
0.64257812 0.92504883 0.72766113 0.37170410
0.92504883 0.72766113 0.37170410 0.31970215
0.72766113 0.37170410 0.31970215 0.43554688
0.37170410 0.31970215 0.43554688 0.40515137
0.31970215 0.43554688 0.40515137 0.88830566
0.43554688 0.40515137 0.88830566 0.10302734
0.40515137 0.88830566 0.10302734 0.75158691
0.88830566 0.10302734 0.75158691 0.77844238
0.10302734 0.75158691 0.77844238 0.23510742
0.75158691 0.77844238 0.23510742 0.99719238
0.77844238 0.23510742 0.99719238 0.95422363
0.23510742 0.99719238 0.95422363 0.22375488
0.99719238 0.95422363 0.22375488 0.80419922
0.95422363 0.22375488 0.80419922 0.67297363
0.22375488 0.80419922 0.67297363 0.44189453
0.80419922 0.67297363 0.44189453 0.51306152
0.67297363 0.44189453 0.51306152 0.72302246
0.44189453 0.51306152 0.72302246 0.29284668
0.51306152 0.72302246 0.29284668 0.97888184
0.72302246 0.29284668 0.97888184 0.64294434
0.29284668 0.97888184 0.64294434 0.93127441
0.97888184 0.64294434 0.93127441 0.83349609
0.64294434 0.93127441 0.83349609 0.17114258
0.93127441 0.83349609 0.17114258 0.90966797
0.83349609 0.17114258 0.90966797 0.46618652
0.17114258 0.90966797 0.46618652 0.92602539
0.90966797 0.46618652 0.92602539 0.74426270
0.46618652 0.92602539 0.74426270 0.65393066
0.92602539 0.74426270 0.65393066 0.11816406
0.74426270 0.65393066 0.11816406 0.00903320
0.65393066 0.11816406 0.00903320 0.15356445
0.11816406 0.00903320 0.15356445 0.61083984
0.00903320 0.15356445 0.61083984 0.38549805
0.15356445 0.61083984 0.38549805 0.55419922
0.61083984 0.38549805 0.55419922 0.42248535
0.38549805 0.55419922 0.42248535 0.18310547
0.55419922 0.42248535 0.18310547 0.11315918
0.42248535 0.18310547 0.11315918 0.92382812
0.18310547 0.11315918 0.92382812 0.70690918
0.11315918 0.92382812 0.70690918 0.01892090
0.92382812 0.70690918 0.01892090 0.32165527
0.70690918 0.01892090 0.32165527 0.46875000
0.01892090 0.32165527 0.46875000 0.96960449
0.32165527 0.46875000 0.96960449 0.48522949
0.46875000 0.96960449 0.48522949 0.24987793
0.96960449 0.48522949 0.24987793 0.24841309
0.48522949 0.24987793 0.24841309 0.22351074
0.24987793 0.24841309 0.22351074 0.80004883
0.24841309 0.22351074 0.80004883 0.60241699
0.22351074 0.80004883 0.60241699 0.24230957
0.80004883 0.60241699 0.24230957 0.11975098
0.60241699 0.24230957 0.11975098 0.03601074
0.24230957 0.11975098 0.03601074 0.61218262
0.11975098 0.03601074 0.61218262 0.40832520
0.03601074 0.61218262 0.40832520 0.94226074
0.61218262 0.40832520 0.94226074 0.02038574
0.40832520 0.94226074 0.02038574 0.34655762
0.94226074 0.02038574 0.34655762 0.89208984
0.02038574 0.34655762 0.89208984 0.16735840
0.34655762 0.89208984 0.16735840 0.84533691
0.89208984 0.16735840 0.84533691 0.37243652
0.16735840 0.84533691 0.37243652 0.33215332
0.84533691 0.37243652 0.33215332 0.64721680
0.37243652 0.33215332 0.64721680 0.00402832
0.33215332 0.64721680 0.00402832 0.06848145
0.64721680 0.00402832 0.06848145 0.16430664
0.00402832 0.06848145 0.16430664 0.79345703
0.06848145 0.16430664 0.79345703 0.49035645
0.16430664 0.79345703 0.49035645 0.33703613
0.79345703 0.49035645 0.33703613 0.73022461
0.49035645 0.33703613 0.73022461 0.41528320
0.33703613 0.73022461 0.41528320 0.06066895
0.73022461 0.41528320 0.06066895 0.03149414
0.41528320 0.06066895 0.03149414 0.53540039
0.06066895 0.03149414 0.53540039 0.10290527
0.03149414 0.53540039 0.10290527 0.74951172
0.53540039 0.10290527 0.74951172 0.74316406
0.10290527 0.74951172 0.74316406 0.63525391
0.74951172 0.74316406 0.63525391 0.80053711
0.74316406 0.63525391 0.80053711 0.61071777
0.63525391 0.80053711 0.61071777 0.38342285
0.80053711 0.61071777 0.38342285 0.51892090
0.61071777 0.38342285 0.51892090 0.82263184
0.38342285 0.51892090 0.82263184 0.98632812
0.51892090 0.82263184 0.98632812 0.76953125
0.82263184 0.98632812 0.76953125 0.08361816
0.98632812 0.76953125 0.08361816 0.42163086
0.76953125 0.08361816 0.42163086 0.16857910
0.08361816 0.42163086 0.16857910 0.86608887
0.42163086 0.16857910 0.86608887 0.72521973
0.16857910 0.86608887 0.72521973 0.33020020
0.86608887 0.72521973 0.33020020 0.61401367
0.72521973 0.33020020 0.61401367 0.43945312
0.33020020 0.61401367 0.43945312 0.47155762
0.61401367 0.43945312 0.47155762 0.01745605
0.43945312 0.47155762 0.01745605 0.29675293
0.47155762 0.01745605 0.29675293 0.04541016
0.01745605 0.29675293 0.04541016 0.77197266
0.29675293 0.04541016 0.77197266 0.12512207
0.04541016 0.77197266 0.12512207 0.12731934
0.77197266 0.12512207 0.12731934 0.16467285
0.12512207 0.12731934 0.16467285 0.79968262
0.12731934 0.16467285 0.79968262 0.59619141
0.16467285 0.79968262 0.59619141 0.13647461
0.79968262 0.59619141 0.13647461 0.32031250
0.59619141 0.13647461 0.32031250 0.44592285
0.13647461 0.32031250 0.44592285 0.58154297
0.32031250 0.44592285 0.58154297 0.88732910
0.44592285 0.58154297 0.88732910 0.08642578
0.58154297 0.88732910 0.08642578 0.46936035
0.88732910 0.08642578 0.46936035 0.97998047
0.08642578 0.46936035 0.97998047 0.66162109
0.46936035 0.97998047 0.66162109 0.24890137
0.97998047 0.66162109 0.24890137 0.23181152
0.66162109 0.24890137 0.23181152 0.94116211
0.24890137 0.23181152 0.94116211 0.00170898
0.23181152 0.94116211 0.00170898 0.02905273
0.94116211 0.00170898 0.02905273 0.49389648
0.00170898 0.02905273 0.49389648 0.39721680
0.02905273 0.49389648 0.39721680 0.75341797
0.49389648 0.39721680 0.75341797 0.80957031
0.39721680 0.75341797 0.80957031 0.76428223
0.75341797 0.80957031 0.76428223 0.99426270
0.80957031 0.76428223 0.99426270 0.90441895
0.76428223 0.99426270 0.90441895 0.37695312
0.99426270 0.90441895 0.37695312 0.40893555
0.90441895 0.37695312 0.40893555 0.95263672
0.37695312 0.40893555 0.95263672 0.19677734
0.40893555 0.95263672 0.19677734 0.34558105
0.95263672 0.19677734 0.34558105 0.87548828
0.19677734 0.34558105 0.87548828 0.88500977
0.34558105 0.87548828 0.88500977 0.04699707
0.87548828 0.88500977 0.04699707 0.79895020
0.88500977 0.04699707 0.79895020 0.58374023
0.04699707 0.79895020 0.58374023 0.92468262
0.79895020 0.58374023 0.92468262 0.72143555
0.58374023 0.92468262 0.72143555 0.26586914
0.92468262 0.72143555 0.26586914 0.52026367
0.72143555 0.26586914 0.52026367 0.84545898
0.26586914 0.52026367 0.84545898 0.37451172
0.52026367 0.84545898 0.37451172 0.36743164
0.84545898 0.37451172 0.36743164 0.24707031
0.37451172 0.36743164 0.24707031 0.20068359
0.36743164 0.24707031 0.20068359 0.41198730
0.24707031 0.20068359 0.41198730 0.00463867
0.20068359 0.41198730 0.00463867 0.07885742
0.41198730 0.00463867 0.07885742 0.34069824
0.00463867 0.07885742 0.34069824 0.79248047
0.07885742 0.34069824 0.79248047 0.47375488
0.34069824 0.79248047 0.47375488 0.05480957
0.79248047 0.47375488 0.05480957 0.93176270
0.47375488 0.05480957 0.93176270 0.84179688
0.05480957 0.93176270 0.84179688 0.31225586
0.93176270 0.84179688 0.31225586 0.30895996
0.84179688 0.31225586 0.30895996 0.25292969
0.31225586 0.30895996 0.25292969 0.30029297
0.30895996 0.25292969 0.30029297 0.10559082
0.25292969 0.30029297 0.10559082 0.79516602
0.30029297 0.10559082 0.79516602 0.51940918
0.10559082 0.79516602 0.51940918 0.83093262
0.79516602 0.51940918 0.83093262 0.12756348
0.51940918 0.83093262 0.12756348 0.16882324
0.83093262 0.12756348 0.16882324 0.87023926
0.12756348 0.16882324 0.87023926 0.79577637
0.16882324 0.87023926 0.79577637 0.52978516
0.87023926 0.79577637 0.52978516 0.00744629
0.79577637 0.52978516 0.00744629 0.12658691
0.52978516 0.00744629 0.12658691 0.15222168
0.00744629 0.12658691 0.15222168 0.58801270
0.12658691 0.15222168 0.58801270 0.99731445
0.15222168 0.58801270 0.99731445 0.95629883
0.58801270 0.99731445 0.95629883 0.25903320
0.99731445 0.95629883 0.25903320 0.40405273
0.95629883 0.25903320 0.40405273 0.86962891
0.25903320 0.40405273 0.86962891 0.78540039
0.40405273 0.86962891 0.78540039 0.35339355
0.86962891 0.78540039 0.35339355 0.00842285
0.78540039 0.35339355 0.00842285 0.14318848
0.35339355 0.00842285 0.14318848 0.43444824
0.00842285 0.14318848 0.43444824 0.38647461
0.14318848 0.43444824 0.38647461 0.57080078
0.43444824 0.38647461 0.57080078 0.70471191
0.38647461 0.57080078 0.70471191 0.98144531
0.57080078 0.70471191 0.98144531 0.68652344
0.70471191 0.98144531 0.68652344 0.67224121
0.98144531 0.68652344 0.67224121 0.42944336
0.68652344 0.67224121 0.42944336 0.30139160
0.67224121 0.42944336 0.30139160 0.12426758
0.42944336 0.30139160 0.12426758 0.11279297
0.30139160 0.12426758 0.11279297 0.91760254
0.12426758 0.11279297 0.91760254 0.60107422
0.11279297 0.91760254 0.60107422 0.21948242
0.91760254 0.60107422 0.21948242 0.73156738
0.60107422 0.21948242 0.73156738 0.43811035
0.21948242 0.73156738 0.43811035 0.44873047
0.73156738 0.43811035 0.44873047 0.62927246
0.43811035 0.44873047 0.62927246 0.69885254
0.44873047 0.62927246 0.69885254 0.88183594
0.62927246 0.69885254 0.88183594 0.99291992
0.69885254 0.88183594 0.99291992 0.88159180
0.88183594 0.99291992 0.88159180 0.98876953
0.99291992 0.88159180 0.98876953 0.81103516
0.88159180 0.98876953 0.81103516 0.78918457
0.98876953 0.81103516 0.78918457 0.41772461
0.81103516 0.78918457 0.41772461 0.10217285
0.78918457 0.41772461 0.10217285 0.73706055
0.41772461 0.10217285 0.73706055 0.53149414
0.10217285 0.73706055 0.53149414 0.03649902
0.73706055 0.53149414 0.03649902 0.62048340
0.53149414 0.03649902 0.62048340 0.54943848
0.03649902 0.62048340 0.54943848 0.34155273
0.62048340 0.54943848 0.34155273 0.80700684
0.54943848 0.34155273 0.80700684 0.72070312
0.34155273 0.80700684 0.72070312 0.25341797
0.80700684 0.72070312 0.25341797 0.30859375
0.72070312 0.25341797 0.30859375 0.24670410
0.25341797 0.30859375 0.24670410 0.19445801
0.30859375 0.24670410 0.19445801 0.30615234
0.24670410 0.19445801 0.30615234 0.20520020
0.19445801 0.30615234 0.20520020 0.48876953
0.30615234 0.20520020 0.48876953 0.31005859
0.20520020 0.48876953 0.31005859 0.27160645
0.48876953 0.31005859 0.27160645 0.61779785
0.31005859 0.27160645 0.61779785 0.50378418
0.27160645 0.61779785 0.50378418 0.56530762
0.61779785 0.50378418 0.56530762 0.61132812
0.50378418 0.56530762 0.61132812 0.39379883
0.56530762 0.61132812 0.39379883 0.69531250
0.61132812 0.39379883 0.69531250 0.82165527
0.39379883 0.69531250 0.82165527 0.96972656
0.69531250 0.82165527 0.96972656 0.48730469
0.82165527 0.96972656 0.48730469 0.28515625
0.96972656 0.48730469 0.28515625 0.84814453
0.48730469 0.28515625 0.84814453 0.42016602
0.28515625 0.84814453 0.42016602 0.14367676
0.84814453 0.42016602 0.14367676 0.44274902
0.42016602 0.14367676 0.44274902 0.52758789
0.14367676 0.44274902 0.52758789 0.96997070
0.44274902 0.52758789 0.96997070 0.49145508
0.52758789 0.96997070 0.49145508 0.35571289
0.96997070 0.49145508 0.35571289 0.04785156
0.49145508 0.35571289 0.04785156 0.81347656
0.35571289 0.04785156 0.81347656 0.83068848
0.04785156 0.81347656 0.83068848 0.12341309
0.81347656 0.83068848 0.12341309 0.09826660
0.83068848 0.12341309 0.09826660 0.67065430
0.12341309 0.09826660 0.67065430 0.40246582
0.09826660 0.67065430 0.40246582 0.84265137
0.67065430 0.40246582 0.84265137 0.32678223
0.40246582 0.84265137 0.32678223 0.55590820
0.84265137 0.32678223 0.55590820 0.45153809
0.32678223 0.55590820 0.45153809 0.67700195
0.55590820 0.45153809 0.67700195 0.51037598
0.45153809 0.67700195 0.51037598 0.67736816
0.67700195 0.51037598 0.67736816 0.51660156
0.51037598 0.67736816 0.51660156 0.78320312
0.67736816 0.51660156 0.78320312 0.31604004
0.51660156 0.78320312 0.31604004 0.37329102
0.78320312 0.31604004 0.37329102 0.34667969
0.31604004 0.37329102 0.34667969 0.89416504
0.37329102 0.34667969 0.89416504 0.20263672
0.34667969 0.89416504 0.20263672 0.44519043
0.89416504 0.20263672 0.44519043 0.56909180
0.20263672 0.44519043 0.56909180 0.67565918
0.44519043 0.56909180 0.67565918 0.48754883
0.56909180 0.67565918 0.48754883 0.28930664
0.67565918 0.48754883 0.28930664 0.91870117
0.48754883 0.28930664 0.91870117 0.61975098
0.28930664 0.91870117 0.61975098 0.53698730
0.91870117 0.61975098 0.53698730 0.12988281
0.61975098 0.53698730 0.12988281 0.20825195
0.53698730 0.12988281 0.20825195 0.54064941
0.12988281 0.20825195 0.54064941 0.19213867
0.20825195 0.54064941 0.19213867 0.26672363
0.54064941 0.19213867 0.26672363 0.53479004
0.19213867 0.26672363 0.53479004 0.09252930
0.26672363 0.53479004 0.09252930 0.57312012
0.53479004 0.09252930 0.57312012 0.74414062
0.09252930 0.57312012 0.74414062 0.65185547
0.57312012 0.74414062 0.65185547 0.08288574
0.74414062 0.65185547 0.08288574 0.40917969
0.65185547 0.08288574 0.40917969 0.95678711
0.08288574 0.40917969 0.95678711 0.26733398
0.40917969 0.95678711 0.26733398 0.54516602
0.95678711 0.26733398 0.54516602 0.26892090
0.26733398 0.54516602 0.26892090 0.57214355
0.54516602 0.26892090 0.57214355 0.72753906
0.26892090 0.57214355 0.72753906 0.36962891
0.57214355 0.72753906 0.36962891 0.28442383
0.72753906 0.36962891 0.28442383 0.83569336
0.36962891 0.28442383 0.83569336 0.20849609
0.28442383 0.83569336 0.20849609 0.54479980
0.83569336 0.20849609 0.54479980 0.26269531
0.20849609 0.54479980 0.26269531 0.46630859
0.54479980 0.26269531 0.46630859 0.92810059
0.26269531 0.46630859 0.92810059 0.77954102
0.46630859 0.92810059 0.77954102 0.25378418
0.92810059 0.77954102 0.25378418 0.31481934
0.77954102 0.25378418 0.31481934 0.35253906
0.25378418 0.31481934 0.35253906 0.99377441
0.31481934 0.35253906 0.99377441 0.89611816
0.35253906 0.99377441 0.89611816 0.23583984
0.99377441 0.89611816 0.23583984 0.00976562
0.89611816 0.23583984 0.00976562 0.16601562
0.23583984 0.00976562 0.16601562 0.82250977
0.00976562 0.16601562 0.82250977 0.98425293
0.16601562 0.82250977 0.98425293 0.73425293
0.82250977 0.98425293 0.73425293 0.48376465
0.98425293 0.73425293 0.48376465 0.22497559
0.73425293 0.48376465 0.22497559 0.82495117
0.48376465 0.22497559 0.82495117 0.02587891
0.22497559 0.82495117 0.02587891 0.43994141
0.82495117 0.02587891 0.43994141 0.47985840
0.02587891 0.43994141 0.47985840 0.15856934
0.43994141 0.47985840 0.15856934 0.69592285
0.47985840 0.15856934 0.69592285 0.83203125
0.15856934 0.69592285 0.83203125 0.14624023
0.69592285 0.83203125 0.14624023 0.48632812
0.83203125 0.14624023 0.48632812 0.26855469
0.14624023 0.48632812 0.26855469 0.56591797
0.48632812 0.26855469 0.56591797 0.62170410
0.26855469 0.56591797 0.62170410 0.57019043
0.56591797 0.62170410 0.57019043 0.69433594
0.62170410 0.57019043 0.69433594 0.80505371
0.57019043 0.69433594 0.80505371 0.68750000
0.69433594 0.80505371 0.68750000 0.68884277
0.80505371 0.68750000 0.68884277 0.71166992
0.68750000 0.68884277 0.71166992 0.09985352
0.68884277 0.71166992 0.09985352 0.69763184
0.71166992 0.09985352 0.69763184 0.86108398
0.09985352 0.69763184 0.86108398 0.64013672
0.69763184 0.86108398 0.64013672 0.88354492
0.86108398 0.64013672 0.88354492 0.02209473
0.64013672 0.88354492 0.02209473 0.37561035
0.88354492 0.02209473 0.37561035 0.38610840
0.02209473 0.37561035 0.38610840 0.56457520
0.37561035 0.38610840 0.56457520 0.59887695
0.38610840 0.56457520 0.59887695 0.18212891
0.56457520 0.59887695 0.18212891 0.09655762
0.59887695 0.18212891 0.09655762 0.64160156
0.18212891 0.09655762 0.64160156 0.90844727
0.09655762 0.64160156 0.90844727 0.44543457
0.64160156 0.90844727 0.44543457 0.57324219
0.90844727 0.44543457 0.57324219 0.74621582
0.44543457 0.57324219 0.74621582 0.68713379
0.57324219 0.74621582 0.68713379 0.68261719
0.74621582 0.68713379 0.68261719 0.60583496
0.68713379 0.68261719 0.60583496 0.30041504
0.68261719 0.60583496 0.30041504 0.10766602
0.60583496 0.30041504 0.10766602 0.83044434
0.30041504 0.10766602 0.83044434 0.11926270
0.10766602 0.83044434 0.11926270 0.02770996
0.83044434 0.11926270 0.02770996 0.47106934
0.11926270 0.02770996 0.47106934 0.00915527
0.02770996 0.47106934 0.00915527 0.15563965
0.47106934 0.00915527 0.15563965 0.64611816
0.00915527 0.15563965 0.64611816 0.98522949
0.15563965 0.64611816 0.98522949 0.75085449
0.64611816 0.98522949 0.75085449 0.76599121
0.98522949 0.75085449 0.76599121 0.02343750
0.75085449 0.76599121 0.02343750 0.39843750
0.76599121 0.02343750 0.39843750 0.77416992
0.02343750 0.39843750 0.77416992 0.16247559
0.39843750 0.77416992 0.16247559 0.76232910
0.77416992 0.16247559 0.76232910 0.96105957
0.16247559 0.76232910 0.96105957 0.33996582
0.76232910 0.96105957 0.33996582 0.78002930
0.96105957 0.33996582 0.78002930 0.26208496
0.33996582 0.78002930 0.26208496 0.45593262
0.78002930 0.26208496 0.45593262 0.75170898
0.26208496 0.45593262 0.75170898 0.78051758
0.45593262 0.75170898 0.78051758 0.27038574
0.75170898 0.78051758 0.27038574 0.59704590
0.78051758 0.27038574 0.59704590 0.15100098
0.27038574 0.59704590 0.15100098 0.56726074
0.59704590 0.15100098 0.56726074 0.64453125
0.15100098 0.56726074 0.64453125 0.95825195
0.56726074 0.64453125 0.95825195 0.29223633
0.64453125 0.95825195 0.29223633 0.96850586
0.95825195 0.29223633 0.96850586 0.46655273
0.29223633 0.96850586 0.46655273 0.93225098
0.96850586 0.46655273 0.93225098 0.85009766
0.46655273 0.93225098 0.85009766 0.45336914
0.93225098 0.85009766 0.45336914 0.70812988
0.85009766 0.45336914 0.70812988 0.03967285
0.45336914 0.70812988 0.03967285 0.67443848
0.70812988 0.03967285 0.67443848 0.46679688
0.03967285 0.67443848 0.46679688 0.93640137
0.67443848 0.46679688 0.93640137 0.92065430
0.46679688 0.93640137 0.92065430 0.65295410
0.93640137 0.92065430 0.65295410 0.10156250
0.92065430 0.65295410 0.10156250 0.72668457
0.65295410 0.10156250 0.72668457 0.35510254
0.10156250 0.72668457 0.35510254 0.03747559
0.72668457 0.35510254 0.03747559 0.63708496
0.35510254 0.03747559 0.63708496 0.83166504
0.03747559 0.63708496 0.83166504 0.14001465
0.63708496 0.83166504 0.14001465 0.38049316
0.83166504 0.14001465 0.38049316 0.46911621
0.14001465 0.38049316 0.46911621 0.97583008
0.38049316 0.46911621 0.97583008 0.59106445
0.46911621 0.97583008 0.59106445 0.04931641
0.97583008 0.59106445 0.04931641 0.83837891
0.59106445 0.04931641 0.83837891 0.25415039
0.04931641 0.83837891 0.25415039 0.32104492
0.83837891 0.25415039 0.32104492 0.45837402
0.25415039 0.32104492 0.45837402 0.79321289
0.32104492 0.45837402 0.79321289 0.48620605
0.45837402 0.79321289 0.48620605 0.26647949
0.79321289 0.48620605 0.26647949 0.53063965
0.48620605 0.26647949 0.53063965 0.02197266
0.26647949 0.53063965 0.02197266 0.37353516
0.53063965 0.02197266 0.37353516 0.35083008
0.02197266 0.37353516 0.35083008 0.96472168
0.37353516 0.35083008 0.96472168 0.40222168
0.35083008 0.96472168 0.40222168 0.83850098
0.96472168 0.40222168 0.83850098 0.25622559
0.40222168 0.83850098 0.25622559 0.35632324
0.83850098 0.25622559 0.35632324 0.05822754
0.25622559 0.35632324 0.05822754 0.98986816
0.35632324 0.05822754 0.98986816 0.82971191
0.05822754 0.98986816 0.82971191 0.10681152
0.98986816 0.82971191 0.10681152 0.81591797
0.82971191 0.10681152 0.81591797 0.87219238
0.10681152 0.81591797 0.87219238 0.82897949
0.81591797 0.87219238 0.82897949 0.09436035
0.87219238 0.82897949 0.09436035 0.60424805
0.82897949 0.09436035 0.60424805 0.27343750
0.09436035 0.60424805 0.27343750 0.64892578
0.60424805 0.27343750 0.64892578 0.03308105
0.27343750 0.64892578 0.03308105 0.56237793
0.64892578 0.03308105 0.56237793 0.56152344
0.03308105 0.56237793 0.56152344 0.54699707
0.56237793 0.56152344 0.54699707 0.30004883
0.56152344 0.54699707 0.30004883 0.10144043
0.54699707 0.30004883 0.10144043 0.72460938
0.30004883 0.10144043 0.72460938 0.31982422
0.10144043 0.72460938 0.31982422 0.43762207
0.72460938 0.31982422 0.43762207 0.44042969
0.31982422 0.43762207 0.44042969 0.48815918
0.43762207 0.44042969 0.48815918 0.29968262
0.44042969 0.48815918 0.29968262 0.09521484
0.48815918 0.29968262 0.09521484 0.61877441
0.29968262 0.09521484 0.61877441 0.52038574
0.09521484 0.61877441 0.52038574 0.84753418
0.61877441 0.52038574 0.84753418 0.40979004
0.52038574 0.84753418 0.40979004 0.96716309
0.84753418 0.40979004 0.96716309 0.44372559
0.40979004 0.96716309 0.44372559 0.54418945
0.96716309 0.44372559 0.54418945 0.25231934
0.44372559 0.54418945 0.25231934 0.28991699
0.54418945 0.25231934 0.28991699 0.92907715
0.25231934 0.28991699 0.92907715 0.79614258
0.28991699 0.92907715 0.79614258 0.53601074
0.92907715 0.79614258 0.53601074 0.11328125
0.79614258 0.53601074 0.11328125 0.92590332
0.53601074 0.11328125 0.92590332 0.74218750
0.11328125 0.92590332 0.74218750 0.61865234
0.92590332 0.74218750 0.61865234 0.51831055
0.74218750 0.61865234 0.51831055 0.81225586
0.61865234 0.51831055 0.81225586 0.80993652
0.51831055 0.81225586 0.80993652 0.77050781
0.81225586 0.80993652 0.77050781 0.10021973
0.80993652 0.77050781 0.10021973 0.70385742
0.77050781 0.10021973 0.70385742 0.96691895
0.10021973 0.70385742 0.96691895 0.43957520
0.70385742 0.96691895 0.43957520 0.47363281
0.96691895 0.43957520 0.47363281 0.05273438
0.43957520 0.47363281 0.05273438 0.89648438
0.47363281 0.05273438 0.89648438 0.24206543
0.05273438 0.89648438 0.24206543 0.11560059
0.89648438 0.24206543 0.11560059 0.96533203
0.24206543 0.11560059 0.96533203 0.41259766
0.11560059 0.96533203 0.41259766 0.01501465
0.96533203 0.41259766 0.01501465 0.25524902
0.41259766 0.01501465 0.25524902 0.33972168
0.01501465 0.25524902 0.33972168 0.77587891
0.25524902 0.33972168 0.77587891 0.19152832
0.33972168 0.77587891 0.19152832 0.25634766
0.77587891 0.19152832 0.25634766 0.35839844
0.19152832 0.25634766 0.35839844 0.09350586
0.25634766 0.35839844 0.09350586 0.58972168
0.35839844 0.09350586 0.58972168 0.02648926
0.09350586 0.58972168 0.02648926 0.45031738
0.58972168 0.02648926 0.45031738 0.65625000
0.02648926 0.45031738 0.65625000 0.15759277
0.45031738 0.65625000 0.15759277 0.67932129
0.65625000 0.15759277 0.67932129 0.54980469
0.15759277 0.67932129 0.54980469 0.34777832
0.67932129 0.54980469 0.34777832 0.91284180
0.54980469 0.34777832 0.91284180 0.52014160
0.34777832 0.91284180 0.52014160 0.84338379
0.91284180 0.52014160 0.84338379 0.33923340
0.52014160 0.84338379 0.33923340 0.76757812
0.84338379 0.33923340 0.76757812 0.05041504
0.33923340 0.76757812 0.05041504 0.85705566
0.76757812 0.05041504 0.85705566 0.57165527
0.05041504 0.85705566 0.57165527 0.71923828
0.85705566 0.57165527 0.71923828 0.22851562
0.57165527 0.71923828 0.22851562 0.88513184
0.71923828 0.22851562 0.88513184 0.04907227
0.22851562 0.88513184 0.04907227 0.83422852
0.88513184 0.04907227 0.83422852 0.18359375
0.04907227 0.83422852 0.18359375 0.12145996
0.83422852 0.18359375 0.12145996 0.06506348
0.18359375 0.12145996 0.06506348 0.10620117
0.12145996 0.06506348 0.10620117 0.80554199
0.06506348 0.10620117 0.80554199 0.69580078
0.10620117 0.80554199 0.69580078 0.82995605
0.80554199 0.69580078 0.82995605 0.11096191
0.69580078 0.82995605 0.11096191 0.88647461
0.82995605 0.11096191 0.88647461 0.07189941
0.11096191 0.88647461 0.07189941 0.22241211
0.88647461 0.07189941 0.22241211 0.78137207
0.07189941 0.22241211 0.78137207 0.28491211
0.22241211 0.78137207 0.28491211 0.84399414
0.78137207 0.28491211 0.84399414 0.34960938
0.28491211 0.84399414 0.34960938 0.94396973
0.84399414 0.34960938 0.94396973 0.04943848
0.34960938 0.94396973 0.04943848 0.84045410
0.94396973 0.04943848 0.84045410 0.28942871
0.04943848 0.84045410 0.28942871 0.92077637
0.84045410 0.28942871 0.92077637 0.65502930
0.28942871 0.92077637 0.65502930 0.13684082
0.92077637 0.65502930 0.13684082 0.32653809
0.65502930 0.13684082 0.32653809 0.55175781
0.13684082 0.32653809 0.55175781 0.38098145
0.32653809 0.55175781 0.38098145 0.47741699
0.55175781 0.38098145 0.47741699 0.11706543
0.38098145 0.47741699 0.11706543 0.99023438
0.47741699 0.11706543 0.99023438 0.83593750
0.11706543 0.99023438 0.83593750 0.21264648
0.99023438 0.83593750 0.21264648 0.61535645
0.83593750 0.21264648 0.61535645 0.46228027
0.21264648 0.61535645 0.46228027 0.85961914
0.61535645 0.46228027 0.85961914 0.61523438
0.46228027 0.85961914 0.61523438 0.46020508
0.85961914 0.61523438 0.46020508 0.82434082
0.61523438 0.46020508 0.82434082 0.01550293
0.46020508 0.82434082 0.01550293 0.26354980
0.82434082 0.01550293 0.26354980 0.48083496
0.01550293 0.26354980 0.48083496 0.17517090
0.26354980 0.48083496 0.17517090 0.97814941
0.48083496 0.17517090 0.97814941 0.63049316
0.17517090 0.97814941 0.63049316 0.71960449
0.97814941 0.63049316 0.71960449 0.23474121
0.63049316 0.71960449 0.23474121 0.99096680
0.71960449 0.23474121 0.99096680 0.84838867
0.23474121 0.99096680 0.84838867 0.42431641
0.99096680 0.84838867 0.42431641 0.21423340
0.84838867 0.42431641 0.21423340 0.64233398
0.42431641 0.21423340 0.64233398 0.92089844
0.21423340 0.64233398 0.92089844 0.65710449
0.64233398 0.92089844 0.65710449 0.17211914
0.92089844 0.65710449 0.17211914 0.92626953
0.65710449 0.17211914 0.92626953 0.74841309
0.17211914 0.92626953 0.74841309 0.72448730
0.92626953 0.74841309 0.72448730 0.31774902
0.74841309 0.72448730 0.31774902 0.40234375
0.72448730 0.31774902 0.40234375 0.84057617
0.31774902 0.40234375 0.84057617 0.29150391
0.40234375 0.84057617 0.29150391 0.95605469
0.84057617 0.29150391 0.95605469 0.25488281
0.29150391 0.95605469 0.25488281 0.33349609
0.95605469 0.25488281 0.33349609 0.67004395
0.25488281 0.33349609 0.67004395 0.39208984
0.33349609 0.67004395 0.39208984 0.66625977
0.67004395 0.39208984 0.66625977 0.32775879
0.39208984 0.66625977 0.32775879 0.57250977
0.66625977 0.32775879 0.57250977 0.73376465
0.32775879 0.57250977 0.73376465 0.47546387
0.57250977 0.73376465 0.47546387 0.08386230
0.73376465 0.47546387 0.08386230 0.42578125
0.47546387 0.08386230 0.42578125 0.23913574
0.08386230 0.42578125 0.23913574 0.06579590
0.42578125 0.23913574 0.06579590 0.11865234
0.23913574 0.06579590 0.11865234 0.01733398
0.06579590 0.11865234 0.01733398 0.29467773
0.11865234 0.01733398 0.29467773 0.01013184
0.01733398 0.29467773 0.01013184 0.17224121
0.29467773 0.01013184 0.17224121 0.92834473
0.01013184 0.17224121 0.92834473 0.78369141
0.17224121 0.92834473 0.78369141 0.32434082
0.92834473 0.78369141 0.32434082 0.51440430
0.78369141 0.32434082 0.51440430 0.74584961
0.32434082 0.51440430 0.74584961 0.68090820
0.51440430 0.74584961 0.68090820 0.57678223
0.74584961 0.68090820 0.57678223 0.80639648
0.68090820 0.57678223 0.80639648 0.71032715
0.57678223 0.80639648 0.71032715 0.07702637
0.80639648 0.71032715 0.07702637 0.30957031
0.71032715 0.07702637 0.30957031 0.26330566
0.07702637 0.30957031 0.26330566 0.47668457
0.30957031 0.26330566 0.47668457 0.10461426
0.26330566 0.47668457 0.10461426 0.77856445
0.47668457 0.10461426 0.77856445 0.23718262
0.10461426 0.77856445 0.23718262 0.03259277
0.77856445 0.23718262 0.03259277 0.55407715
0.23718262 0.03259277 0.55407715 0.42041016
0.03259277 0.55407715 0.42041016 0.14782715
0.55407715 0.42041016 0.14782715 0.51330566
0.42041016 0.14782715 0.51330566 0.72717285
0.14782715 0.51330566 0.72717285 0.36340332
0.51330566 0.72717285 0.36340332 0.17858887
0.72717285 0.36340332 0.17858887 0.03637695
0.36340332 0.17858887 0.03637695 0.61840820
0.17858887 0.03637695 0.61840820 0.51416016
0.03637695 0.61840820 0.51416016 0.74169922
0.61840820 0.51416016 0.74169922 0.61035156
0.51416016 0.74169922 0.61035156 0.37719727
0.74169922 0.61035156 0.37719727 0.41308594
0.61035156 0.37719727 0.41308594 0.02331543
0.37719727 0.41308594 0.02331543 0.39636230
0.41308594 0.02331543 0.39636230 0.73889160
0.02331543 0.39636230 0.73889160 0.56262207
0.39636230 0.73889160 0.56262207 0.56567383
0.73889160 0.56262207 0.56567383 0.61755371
0.56262207 0.56567383 0.61755371 0.49963379
0.56567383 0.61755371 0.49963379 0.49475098
0.61755371 0.49963379 0.49475098 0.41174316
0.49963379 0.49475098 0.41174316 0.00048828
0.49475098 0.41174316 0.00048828 0.00830078
0.41174316 0.00048828 0.00830078 0.14111328
0.00048828 0.00830078 0.14111328 0.39916992
0.00830078 0.14111328 0.39916992 0.78662109
0.14111328 0.39916992 0.78662109 0.37414551
0.39916992 0.78662109 0.37414551 0.36120605
0.78662109 0.37414551 0.36120605 0.14123535
0.37414551 0.36120605 0.14123535 0.40124512
0.36120605 0.14123535 0.40124512 0.82189941
0.14123535 0.40124512 0.82189941 0.97387695
0.40124512 0.82189941 0.97387695 0.55786133
0.82189941 0.97387695 0.55786133 0.48474121
0.97387695 0.55786133 0.48474121 0.24157715
0.55786133 0.48474121 0.24157715 0.10729980
0.48474121 0.24157715 0.10729980 0.82421875
0.24157715 0.10729980 0.82421875 0.01342773
0.10729980 0.82421875 0.01342773 0.22827148
0.82421875 0.01342773 0.22827148 0.88098145
0.01342773 0.22827148 0.88098145 0.97839355
0.22827148 0.88098145 0.97839355 0.63464355
0.88098145 0.97839355 0.63464355 0.79016113
0.97839355 0.63464355 0.79016113 0.43432617
0.63464355 0.79016113 0.43432617 0.38439941
0.79016113 0.43432617 0.38439941 0.53552246
0.43432617 0.38439941 0.53552246 0.10498047
0.38439941 0.53552246 0.10498047 0.78479004
0.53552246 0.10498047 0.78479004 0.34301758
0.10498047 0.78479004 0.34301758 0.83190918
0.78479004 0.34301758 0.83190918 0.14416504
0.34301758 0.83190918 0.14416504 0.45104980
0.83190918 0.14416504 0.45104980 0.66870117
0.14416504 0.45104980 0.66870117 0.36926270
0.45104980 0.66870117 0.36926270 0.27819824
0.66870117 0.36926270 0.27819824 0.72985840
0.36926270 0.27819824 0.72985840 0.40905762
0.27819824 0.72985840 0.40905762 0.95471191
0.72985840 0.40905762 0.95471191 0.23205566
0.40905762 0.95471191 0.23205566 0.94531250
0.95471191 0.23205566 0.94531250 0.07226562
0.23205566 0.94531250 0.07226562 0.22863770
0.94531250 0.07226562 0.22863770 0.88720703
0.07226562 0.22863770 0.88720703 0.08435059
0.22863770 0.88720703 0.08435059 0.43408203
0.88720703 0.08435059 0.43408203 0.38024902
0.08435059 0.43408203 0.38024902 0.46496582
0.43408203 0.38024902 0.46496582 0.90527344
0.38024902 0.46496582 0.90527344 0.39147949
0.46496582 0.90527344 0.39147949 0.65588379
0.90527344 0.39147949 0.65588379 0.15136719
0.39147949 0.65588379 0.15136719 0.57348633
0.65588379 0.15136719 0.57348633 0.75036621
0.15136719 0.57348633 0.75036621 0.75769043
0.57348633 0.75036621 0.75769043 0.88220215
0.75036621 0.75769043 0.88220215 0.99914551
0.75769043 0.88220215 0.99914551 0.98742676
0.88220215 0.99914551 0.98742676 0.78820801
0.99914551 0.98742676 0.78820801 0.40112305
0.98742676 0.78820801 0.40112305 0.81982422
0.78820801 0.40112305 0.81982422 0.93859863
0.40112305 0.81982422 0.93859863 0.95800781
0.81982422 0.93859863 0.95800781 0.28808594
0.93859863 0.95800781 0.28808594 0.89794922
0.95800781 0.28808594 0.89794922 0.26696777
0.28808594 0.89794922 0.26696777 0.53894043
0.89794922 0.26696777 0.53894043 0.16308594
0.26696777 0.53894043 0.16308594 0.77270508
0.53894043 0.16308594 0.77270508 0.13757324
0.16308594 0.77270508 0.13757324 0.33898926
0.77270508 0.13757324 0.33898926 0.76342773
0.13757324 0.33898926 0.76342773 0.97973633
0.33898926 0.76342773 0.97973633 0.65747070
0.76342773 0.97973633 0.65747070 0.17834473
0.97973633 0.65747070 0.17834473 0.03222656
0.65747070 0.17834473 0.03222656 0.54785156
0.17834473 0.03222656 0.54785156 0.31457520
0.03222656 0.54785156 0.31457520 0.34838867
0.54785156 0.31457520 0.34838867 0.92321777
0.31457520 0.34838867 0.92321777 0.69653320
0.34838867 0.92321777 0.69653320 0.84240723
0.92321777 0.69653320 0.84240723 0.32263184
0.69653320 0.84240723 0.32263184 0.48535156
0.84240723 0.32263184 0.48535156 0.25195312
0.32263184 0.48535156 0.25195312 0.28369141
0.48535156 0.25195312 0.28369141 0.82324219
0.25195312 0.28369141 0.82324219 0.99670410
0.28369141 0.82324219 0.99670410 0.94592285
0.82324219 0.99670410 0.94592285 0.08264160
0.99670410 0.94592285 0.08264160 0.40502930
0.94592285 0.08264160 0.40502930 0.88623047
0.08264160 0.40502930 0.88623047 0.06774902
0.40502930 0.88623047 0.06774902 0.15185547
0.88623047 0.06774902 0.15185547 0.58178711
0.06774902 0.15185547 0.58178711 0.89147949
0.15185547 0.58178711 0.89147949 0.15698242
0.58178711 0.89147949 0.15698242 0.66894531
0.89147949 0.15698242 0.66894531 0.37341309
0.15698242 0.66894531 0.37341309 0.34875488
0.66894531 0.37341309 0.34875488 0.92944336
0.37341309 0.34875488 0.92944336 0.80236816
0.34875488 0.92944336 0.80236816 0.64184570
0.92944336 0.80236816 0.64184570 0.91259766
0.80236816 0.64184570 0.91259766 0.51599121
0.64184570 0.91259766 0.51599121 0.77282715
0.91259766 0.51599121 0.77282715 0.13964844
0.51599121 0.77282715 0.13964844 0.37426758
0.77282715 0.13964844 0.37426758 0.36328125
0.13964844 0.37426758 0.36328125 0.17651367
0.37426758 0.36328125 0.17651367 0.00109863
0.36328125 0.17651367 0.00109863 0.01867676
0.17651367 0.00109863 0.01867676 0.31750488
0.00109863 0.01867676 0.31750488 0.39819336
0.01867676 0.31750488 0.39819336 0.77001953
0.31750488 0.39819336 0.77001953 0.09191895
0.39819336 0.77001953 0.09191895 0.56274414
0.77001953 0.09191895 0.56274414 0.56774902
0.09191895 0.56274414 0.56774902 0.65283203
0.56274414 0.56774902 0.65283203 0.09948730
0.56774902 0.65283203 0.09948730 0.69140625
0.65283203 0.09948730 0.69140625 0.75524902
0.09948730 0.69140625 0.75524902 0.84069824
0.69140625 0.75524902 0.84069824 0.29357910
0.75524902 0.84069824 0.29357910 0.99133301
0.84069824 0.29357910 0.99133301 0.85461426
0.29357910 0.99133301 0.85461426 0.53015137
0.99133301 0.85461426 0.53015137 0.01367188
0.85461426 0.53015137 0.01367188 0.23242188
0.53015137 0.01367188 0.23242188 0.95153809
0.01367188 0.23242188 0.95153809 0.17810059
0.23242188 0.95153809 0.17810059 0.02807617
0.95153809 0.17810059 0.02807617 0.47729492
0.17810059 0.02807617 0.47729492 0.11499023
0.02807617 0.47729492 0.11499023 0.95495605
0.47729492 0.11499023 0.95495605 0.23620605
0.11499023 0.95495605 0.23620605 0.01599121
0.95495605 0.23620605 0.01599121 0.27185059
0.23620605 0.01599121 0.27185059 0.62194824
0.01599121 0.27185059 0.62194824 0.57434082
0.27185059 0.62194824 0.57434082 0.76489258
0.62194824 0.57434082 0.76489258 0.00476074
0.57434082 0.76489258 0.00476074 0.08093262
0.76489258 0.00476074 0.08093262 0.37597656
0.00476074 0.08093262 0.37597656 0.39233398
0.08093262 0.37597656 0.39233398 0.67041016
0.37597656 0.39233398 0.67041016 0.39831543
0.39233398 0.67041016 0.39831543 0.77209473
0.67041016 0.39831543 0.77209473 0.12719727
0.39831543 0.77209473 0.12719727 0.16259766
0.77209473 0.12719727 0.16259766 0.76440430
0.12719727 0.16259766 0.76440430 0.99633789
0.16259766 0.76440430 0.99633789 0.93969727
0.76440430 0.99633789 0.93969727 0.97668457
0.99633789 0.93969727 0.97668457 0.60559082
0.93969727 0.97668457 0.60559082 0.29626465
0.97668457 0.60559082 0.29626465 0.03710938
0.60559082 0.29626465 0.03710938 0.63085938
0.29626465 0.03710938 0.63085938 0.72583008
0.03710938 0.63085938 0.72583008 0.34057617
0.63085938 0.72583008 0.34057617 0.79040527
0.72583008 0.34057617 0.79040527 0.43847656
0.34057617 0.79040527 0.43847656 0.45495605
0.79040527 0.43847656 0.45495605 0.73510742
0.43847656 0.45495605 0.73510742 0.49829102
0.45495605 0.73510742 0.49829102 0.47192383
0.73510742 0.49829102 0.47192383 0.02368164
0.49829102 0.47192383 0.02368164 0.40258789
0.47192383 0.02368164 0.40258789 0.84472656
0.02368164 0.40258789 0.84472656 0.36206055
0.40258789 0.84472656 0.36206055 0.15576172
0.84472656 0.36206055 0.15576172 0.64819336
0.36206055 0.15576172 0.64819336 0.02062988
0.15576172 0.64819336 0.02062988 0.35070801
0.64819336 0.02062988 0.35070801 0.96264648
0.02062988 0.35070801 0.96264648 0.36694336
0.35070801 0.96264648 0.36694336 0.23876953
0.96264648 0.36694336 0.23876953 0.05957031
0.36694336 0.23876953 0.05957031 0.01281738
0.23876953 0.05957031 0.01281738 0.21789551
0.05957031 0.01281738 0.21789551 0.70458984
0.01281738 0.21789551 0.70458984 0.97937012
0.21789551 0.70458984 0.97937012 0.65124512
0.70458984 0.97937012 0.65124512 0.07250977
0.97937012 0.65124512 0.07250977 0.23278809
0.65124512 0.07250977 0.23278809 0.95776367
0.07250977 0.23278809 0.95776367 0.28393555
0.23278809 0.95776367 0.28393555 0.82739258
0.95776367 0.28393555 0.82739258 0.06738281
0.28393555 0.82739258 0.06738281 0.14562988
0.82739258 0.06738281 0.14562988 0.47595215
0.06738281 0.14562988 0.47595215 0.09216309
0.14562988 0.47595215 0.09216309 0.56689453
0.47595215 0.09216309 0.56689453 0.63830566
0.09216309 0.56689453 0.63830566 0.85241699
0.56689453 0.63830566 0.85241699 0.49279785
0.63830566 0.85241699 0.49279785 0.37854004
0.85241699 0.49279785 0.37854004 0.43591309
0.49279785 0.37854004 0.43591309 0.41137695
0.37854004 0.43591309 0.41137695 0.99414062
0.43591309 0.41137695 0.99414062 0.90234375
0.41137695 0.99414062 0.90234375 0.34167480
0.99414062 0.90234375 0.34167480 0.80908203
0.90234375 0.34167480 0.80908203 0.75598145
0.34167480 0.80908203 0.75598145 0.85314941
0.80908203 0.75598145 0.85314941 0.50524902
0.75598145 0.85314941 0.50524902 0.59020996
0.85314941 0.50524902 0.59020996 0.03479004
0.50524902 0.59020996 0.03479004 0.59143066
0.59020996 0.03479004 0.59143066 0.05554199
0.03479004 0.59143066 0.05554199 0.94421387
0.59143066 0.05554199 0.94421387 0.05358887
0.05554199 0.94421387 0.05358887 0.91101074
0.94421387 0.05358887 0.91101074 0.48901367
0.05358887 0.91101074 0.48901367 0.31420898
0.91101074 0.48901367 0.31420898 0.34216309
0.48901367 0.31420898 0.34216309 0.81738281
0.31420898 0.34216309 0.81738281 0.89709473
0.34216309 0.81738281 0.89709473 0.25244141
0.81738281 0.89709473 0.25244141 0.29199219
0.89709473 0.25244141 0.29199219 0.96435547
0.25244141 0.29199219 0.96435547 0.39599609
0.29199219 0.96435547 0.39599609 0.73266602
0.96435547 0.39599609 0.73266602 0.45678711
0.39599609 0.73266602 0.45678711 0.76623535
0.73266602 0.45678711 0.76623535 0.02758789
0.45678711 0.76623535 0.02758789 0.46899414
0.76623535 0.02758789 0.46899414 0.97375488
0.02758789 0.46899414 0.97375488 0.55578613
0.46899414 0.97375488 0.55578613 0.44946289
0.97375488 0.55578613 0.44946289 0.64172363
0.55578613 0.44946289 0.64172363 0.91052246
0.44946289 0.64172363 0.91052246 0.48071289
0.64172363 0.91052246 0.48071289 0.17309570
0.91052246 0.48071289 0.17309570 0.94287109
0.48071289 0.17309570 0.94287109 0.03076172
0.17309570 0.94287109 0.03076172 0.52294922
0.94287109 0.03076172 0.52294922 0.89111328
0.03076172 0.52294922 0.89111328 0.15075684
0.52294922 0.89111328 0.15075684 0.56311035
0.89111328 0.15075684 0.56311035 0.57397461
0.15075684 0.56311035 0.57397461 0.75866699
0.56311035 0.57397461 0.75866699 0.89880371
0.57397461 0.75866699 0.89880371 0.28149414
0.75866699 0.89880371 0.28149414 0.78588867
0.89880371 0.28149414 0.78588867 0.36169434
0.28149414 0.78588867 0.36169434 0.14953613
0.78588867 0.36169434 0.14953613 0.54235840
0.36169434 0.14953613 0.54235840 0.22119141
0.14953613 0.54235840 0.22119141 0.76062012
0.54235840 0.22119141 0.76062012 0.93200684
0.22119141 0.76062012 0.93200684 0.84594727
0.76062012 0.93200684 0.84594727 0.38281250
0.93200684 0.84594727 0.38281250 0.50854492
0.84594727 0.38281250 0.50854492 0.64624023
0.38281250 0.50854492 0.64624023 0.98730469
0.50854492 0.64624023 0.98730469 0.78613281
0.64624023 0.98730469 0.78613281 0.36584473
0.98730469 0.78613281 0.36584473 0.22009277
0.78613281 0.36584473 0.22009277 0.74194336
0.36584473 0.22009277 0.74194336 0.61450195
0.22009277 0.74194336 0.61450195 0.44775391
0.74194336 0.61450195 0.44775391 0.61267090
0.61450195 0.44775391 0.61267090 0.41662598
0.44775391 0.61267090 0.41662598 0.08349609
0.61267090 0.41662598 0.08349609 0.41955566
0.41662598 0.08349609 0.41955566 0.13330078
0.08349609 0.41955566 0.13330078 0.26635742
0.41955566 0.13330078 0.26635742 0.52856445
0.13330078 0.26635742 0.52856445 0.98657227
0.26635742 0.52856445 0.98657227 0.77368164
0.52856445 0.98657227 0.77368164 0.15417480
0.98657227 0.77368164 0.15417480 0.62121582
0.77368164 0.15417480 0.62121582 0.56188965
0.15417480 0.62121582 0.56188965 0.55322266
0.62121582 0.56188965 0.55322266 0.40588379
0.56188965 0.55322266 0.40588379 0.90075684
0.55322266 0.40588379 0.90075684 0.31469727
0.40588379 0.90075684 0.31469727 0.35046387
0.90075684 0.31469727 0.35046387 0.95849609
0.31469727 0.35046387 0.95849609 0.29638672
0.35046387 0.95849609 0.29638672 0.03918457
0.95849609 0.29638672 0.03918457 0.66613770
0.29638672 0.03918457 0.66613770 0.32568359
0.03918457 0.66613770 0.32568359 0.53723145
0.66613770 0.32568359 0.53723145 0.13403320
0.32568359 0.53723145 0.13403320 0.27880859
0.53723145 0.13403320 0.27880859 0.74023438
0.13403320 0.27880859 0.74023438 0.58544922
0.27880859 0.74023438 0.58544922 0.95373535
0.74023438 0.58544922 0.95373535 0.21545410
0.58544922 0.95373535 0.21545410 0.66308594
0.95373535 0.21545410 0.66308594 0.27380371
0.21545410 0.66308594 0.27380371 0.65515137
0.66308594 0.27380371 0.65515137 0.13891602
0.27380371 0.65515137 0.13891602 0.36181641
0.65515137 0.13891602 0.36181641 0.15161133
0.13891602 0.36181641 0.15161133 0.57763672
0.36181641 0.15161133 0.57763672 0.82092285
0.15161133 0.57763672 0.82092285 0.95727539
0.57763672 0.82092285 0.95727539 0.27563477
0.82092285 0.95727539 0.27563477 0.68627930
0.95727539 0.27563477 0.68627930 0.66809082
0.27563477 0.68627930 0.66809082 0.35888672
0.68627930 0.66809082 0.35888672 0.10180664
0.66809082 0.35888672 0.10180664 0.73083496
0.35888672 0.10180664 0.73083496 0.42565918
0.10180664 0.73083496 0.42565918 0.23706055
0.73083496 0.42565918 0.23706055 0.03051758
0.42565918 0.23706055 0.03051758 0.51879883
0.23706055 0.03051758 0.51879883 0.82055664
0.03051758 0.51879883 0.82055664 0.95104980
0.51879883 0.82055664 0.95104980 0.16979980
0.82055664 0.95104980 0.16979980 0.88684082
0.95104980 0.16979980 0.88684082 0.07812500
0.16979980 0.88684082 0.07812500 0.32824707
0.88684082 0.07812500 0.32824707 0.58081055
0.07812500 0.32824707 0.58081055 0.87487793
0.32824707 0.58081055 0.87487793 0.87463379
0.58081055 0.87487793 0.87463379 0.87048340
0.87487793 0.87463379 0.87048340 0.79992676
0.87463379 0.87048340 0.79992676 0.60034180
0.87048340 0.79992676 0.60034180 0.20703125
0.79992676 0.60034180 0.20703125 0.51989746
0.60034180 0.20703125 0.51989746 0.83923340
0.20703125 0.51989746 0.83923340 0.26867676
0.51989746 0.83923340 0.26867676 0.56799316
0.83923340 0.26867676 0.56799316 0.65698242
0.26867676 0.56799316 0.65698242 0.17004395
0.56799316 0.65698242 0.17004395 0.89099121
0.65698242 0.17004395 0.89099121 0.14868164
0.17004395 0.89099121 0.14868164 0.52783203
0.89099121 0.14868164 0.52783203 0.97412109
0.14868164 0.52783203 0.97412109 0.56201172
0.52783203 0.97412109 0.56201172 0.55529785
0.97412109 0.56201172 0.55529785 0.44116211
0.56201172 0.55529785 0.44116211 0.50061035
0.55529785 0.44116211 0.50061035 0.51135254
0.44116211 0.50061035 0.51135254 0.69396973
0.50061035 0.51135254 0.69396973 0.79882812
0.51135254 0.69396973 0.79882812 0.58166504
0.69396973 0.79882812 0.58166504 0.88940430
0.79882812 0.58166504 0.88940430 0.12170410
0.58166504 0.88940430 0.12170410 0.06921387
0.88940430 0.12170410 0.06921387 0.17675781
0.12170410 0.06921387 0.17675781 0.00524902
0.06921387 0.17675781 0.00524902 0.08923340
0.17675781 0.00524902 0.08923340 0.51708984
0.00524902 0.08923340 0.51708984 0.79150391
0.08923340 0.51708984 0.79150391 0.45715332
0.51708984 0.79150391 0.45715332 0.77246094
0.79150391 0.45715332 0.77246094 0.13342285
0.45715332 0.77246094 0.13342285 0.26843262
0.77246094 0.13342285 0.26843262 0.56384277
0.13342285 0.26843262 0.56384277 0.58642578
0.26843262 0.56384277 0.58642578 0.97033691
0.56384277 0.58642578 0.97033691 0.49768066
0.58642578 0.97033691 0.49768066 0.46154785
0.97033691 0.49768066 0.46154785 0.84716797
0.49768066 0.46154785 0.84716797 0.40356445
0.46154785 0.84716797 0.40356445 0.86132812
0.84716797 0.40356445 0.86132812 0.64428711
0.40356445 0.86132812 0.64428711 0.95410156
0.86132812 0.64428711 0.95410156 0.22167969
0.64428711 0.95410156 0.22167969 0.76892090
0.95410156 0.22167969 0.76892090 0.07324219
0.22167969 0.76892090 0.07324219 0.24523926
0.76892090 0.07324219 0.24523926 0.16955566
0.07324219 0.24523926 0.16955566 0.88269043
0.24523926 0.16955566 0.88269043 0.00756836
0.16955566 0.88269043 0.00756836 0.12866211
0.88269043 0.00756836 0.12866211 0.18750000
0.00756836 0.12866211 0.18750000 0.18786621
0.12866211 0.18750000 0.18786621 0.19409180
0.18750000 0.18786621 0.19409180 0.29992676
0.18786621 0.19409180 0.29992676 0.09936523
0.19409180 0.29992676 0.09936523 0.68933105
0.29992676 0.09936523 0.68933105 0.71997070
0.09936523 0.68933105 0.71997070 0.24096680
0.68933105 0.71997070 0.24096680 0.09692383
0.71997070 0.24096680 0.09692383 0.64782715
0.24096680 0.09692383 0.64782715 0.01440430
0.09692383 0.64782715 0.01440430 0.24487305
0.64782715 0.01440430 0.24487305 0.16333008
0.01440430 0.24487305 0.16333008 0.77685547
0.24487305 0.16333008 0.77685547 0.20812988
0.16333008 0.77685547 0.20812988 0.53857422
0.77685547 0.20812988 0.53857422 0.15686035
0.20812988 0.53857422 0.15686035 0.66687012
0.53857422 0.15686035 0.66687012 0.33813477
0.15686035 0.66687012 0.33813477 0.74890137
0.66687012 0.33813477 0.74890137 0.73278809
0.33813477 0.74890137 0.73278809 0.45886230
0.74890137 0.73278809 0.45886230 0.80151367
0.73278809 0.45886230 0.80151367 0.62731934
0.45886230 0.80151367 0.62731934 0.66564941
0.80151367 0.62731934 0.66564941 0.31738281
0.62731934 0.66564941 0.31738281 0.39611816
0.66564941 0.31738281 0.39611816 0.73474121
0.31738281 0.39611816 0.73474121 0.49206543
0.39611816 0.73474121 0.49206543 0.36608887
0.73474121 0.49206543 0.36608887 0.22424316
0.49206543 0.36608887 0.22424316 0.81250000
0.36608887 0.22424316 0.81250000 0.81408691
0.22424316 0.81250000 0.81408691 0.84106445
0.81250000 0.81408691 0.84106445 0.29980469
0.81408691 0.84106445 0.29980469 0.09729004
0.84106445 0.29980469 0.09729004 0.65405273
0.29980469 0.09729004 0.65405273 0.12023926
0.09729004 0.65405273 0.12023926 0.04431152
0.65405273 0.12023926 0.04431152 0.75329590
0.12023926 0.04431152 0.75329590 0.80749512
0.04431152 0.75329590 0.80749512 0.72900391
0.75329590 0.80749512 0.72900391 0.39453125
0.80749512 0.72900391 0.39453125 0.70776367
0.72900391 0.39453125 0.70776367 0.03344727
0.39453125 0.70776367 0.03344727 0.56860352
0.70776367 0.03344727 0.56860352 0.66735840
0.03344727 0.56860352 0.66735840 0.34643555
0.56860352 0.66735840 0.34643555 0.89001465
0.66735840 0.34643555 0.89001465 0.13208008
0.34643555 0.89001465 0.13208008 0.24560547
0.89001465 0.13208008 0.24560547 0.17578125
0.13208008 0.24560547 0.17578125 0.98852539
0.24560547 0.17578125 0.98852539 0.80688477
0.17578125 0.98852539 0.80688477 0.71862793
0.98852539 0.80688477 0.71862793 0.21813965
0.80688477 0.71862793 0.21813965 0.70874023
0.71862793 0.21813965 0.70874023 0.05004883
0.21813965 0.70874023 0.05004883 0.85083008
0.70874023 0.05004883 0.85083008 0.46582031
0.05004883 0.85083008 0.46582031 0.91979980
0.85083008 0.46582031 0.91979980 0.63842773
0.46582031 0.91979980 0.63842773 0.85449219
0.91979980 0.63842773 0.85449219 0.52807617
0.63842773 0.85449219 0.52807617 0.97827148
0.85449219 0.52807617 0.97827148 0.63256836
0.52807617 0.97827148 0.63256836 0.75488281
0.97827148 0.63256836 0.75488281 0.83447266
0.63256836 0.75488281 0.83447266 0.18774414
0.75488281 0.83447266 0.18774414 0.19201660
0.83447266 0.18774414 0.19201660 0.26464844
0.18774414 0.19201660 0.26464844 0.49951172
0.19201660 0.26464844 0.49951172 0.49267578
0.26464844 0.49951172 0.49267578 0.37646484
0.49951172 0.49267578 0.37646484 0.40063477
0.49267578 0.37646484 0.40063477 0.81152344
0.37646484 0.40063477 0.81152344 0.79748535
0.40063477 0.81152344 0.79748535 0.55883789
0.81152344 0.79748535 0.55883789 0.50134277
0.79748535 0.55883789 0.50134277 0.52380371
0.55883789 0.50134277 0.52380371 0.90563965
0.50134277 0.52380371 0.90563965 0.39770508
0.52380371 0.90563965 0.39770508 0.76171875
0.90563965 0.39770508 0.76171875 0.95068359
0.39770508 0.76171875 0.95068359 0.16357422
0.76171875 0.95068359 0.16357422 0.78100586
0.95068359 0.16357422 0.78100586 0.27868652
0.16357422 0.78100586 0.27868652 0.73815918
0.78100586 0.27868652 0.73815918 0.55017090
0.27868652 0.73815918 0.55017090 0.35400391
0.73815918 0.55017090 0.35400391 0.01879883
0.55017090 0.35400391 0.01879883 0.31958008
0.35400391 0.01879883 0.31958008 0.43347168
0.01879883 0.31958008 0.43347168 0.36987305
0.31958008 0.43347168 0.36987305 0.28857422
0.43347168 0.36987305 0.28857422 0.90625000
0.36987305 0.28857422 0.90625000 0.40808105
0.28857422 0.90625000 0.40808105 0.93811035
0.90625000 0.40808105 0.93811035 0.94970703
0.40808105 0.93811035 0.94970703 0.14697266
0.93811035 0.94970703 0.14697266 0.49877930
0.94970703 0.14697266 0.49877930 0.48022461
0.14697266 0.49877930 0.48022461 0.16479492
0.49877930 0.48022461 0.16479492 0.80175781
0.48022461 0.16479492 0.80175781 0.63146973
0.16479492 0.80175781 0.63146973 0.73620605
0.80175781 0.63146973 0.73620605 0.51696777
0.63146973 0.73620605 0.51696777 0.78942871
0.73620605 0.51696777 0.78942871 0.42187500
0.51696777 0.78942871 0.42187500 0.17272949
0.78942871 0.42187500 0.17272949 0.93664551
0.42187500 0.17272949 0.93664551 0.92480469
0.17272949 0.93664551 0.92480469 0.72351074
0.93664551 0.92480469 0.72351074 0.30114746
0.92480469 0.72351074 0.30114746 0.12011719
0.72351074 0.30114746 0.12011719 0.04223633
0.30114746 0.12011719 0.04223633 0.71801758
0.12011719 0.04223633 0.71801758 0.20776367
0.04223633 0.71801758 0.20776367 0.53234863
0.71801758 0.20776367 0.53234863 0.05102539
0.20776367 0.53234863 0.05102539 0.86743164
0.53234863 0.05102539 0.86743164 0.74804688
0.05102539 0.86743164 0.74804688 0.71826172
0.86743164 0.74804688 0.71826172 0.21191406
0.74804688 0.71826172 0.21191406 0.60290527
0.71826172 0.21191406 0.60290527 0.25061035
0.21191406 0.60290527 0.25061035 0.26086426
0.60290527 0.25061035 0.26086426 0.43518066
0.25061035 0.26086426 0.43518066 0.39892578
0.26086426 0.43518066 0.39892578 0.78247070
0.43518066 0.39892578 0.78247070 0.30358887
0.39892578 0.78247070 0.30358887 0.16162109
0.78247070 0.30358887 0.16162109 0.74780273
0.30358887 0.16162109 0.74780273 0.71411133
0.16162109 0.74780273 0.71411133 0.14135742
0.74780273 0.71411133 0.14135742 0.40332031
0.71411133 0.14135742 0.40332031 0.85717773
0.14135742 0.40332031 0.85717773 0.57373047
0.40332031 0.85717773 0.57373047 0.75451660
0.85717773 0.57373047 0.75451660 0.82824707
0.57373047 0.75451660 0.82824707 0.08190918
0.75451660 0.82824707 0.08190918 0.39257812
0.82824707 0.08190918 0.39257812 0.67456055
0.08190918 0.39257812 0.67456055 0.46887207
0.39257812 0.67456055 0.46887207 0.97167969
0.67456055 0.46887207 0.97167969 0.52050781
0.46887207 0.97167969 0.52050781 0.84960938
0.97167969 0.52050781 0.84960938 0.44506836
0.52050781 0.84960938 0.44506836 0.56701660
0.84960938 0.44506836 0.56701660 0.64038086
0.44506836 0.56701660 0.64038086 0.88769531
0.56701660 0.64038086 0.88769531 0.09265137
0.64038086 0.88769531 0.09265137 0.57519531
0.88769531 0.09265137 0.57519531 0.77941895
0.09265137 0.57519531 0.77941895 0.25170898
0.57519531 0.77941895 0.25170898 0.27954102
0.77941895 0.25170898 0.27954102 0.75268555
0.25170898 0.27954102 0.75268555 0.79711914
0.27954102 0.75268555 0.79711914 0.55261230
0.75268555 0.79711914 0.55261230 0.39550781
0.79711914 0.55261230 0.39550781 0.72436523
0.55261230 0.39550781 0.72436523 0.31567383
0.39550781 0.72436523 0.31567383 0.36706543
0.72436523 0.31567383 0.36706543 0.24084473
0.31567383 0.36706543 0.24084473 0.09484863
0.36706543 0.24084473 0.09484863 0.61254883
0.24084473 0.09484863 0.61254883 0.41455078
0.09484863 0.61254883 0.41455078 0.04821777
0.61254883 0.41455078 0.04821777 0.81970215
0.41455078 0.04821777 0.81970215 0.93652344
0.04821777 0.81970215 0.93652344 0.92272949
0.81970215 0.93652344 0.92272949 0.68823242
0.93652344 0.92272949 0.68823242 0.70129395
0.92272949 0.68823242 0.70129395 0.92333984
0.68823242 0.70129395 0.92333984 0.69860840
0.70129395 0.92333984 0.69860840 0.87768555
0.92333984 0.69860840 0.87768555 0.92236328
0.69860840 0.87768555 0.92236328 0.68200684
0.87768555 0.92236328 0.68200684 0.59545898
0.92236328 0.68200684 0.59545898 0.12402344
0.68200684 0.59545898 0.12402344 0.10864258
0.59545898 0.12402344 0.10864258 0.84704590
0.12402344 0.10864258 0.84704590 0.40148926
0.10864258 0.84704590 0.40148926 0.82604980
0.84704590 0.40148926 0.82604980 0.04455566
0.40148926 0.82604980 0.04455566 0.75744629
0.82604980 0.04455566 0.75744629 0.87805176
0.04455566 0.75744629 0.87805176 0.92858887
0.75744629 0.87805176 0.92858887 0.78784180
0.87805176 0.92858887 0.78784180 0.39489746
0.92858887 0.78784180 0.39489746 0.71398926
0.78784180 0.39489746 0.71398926 0.13928223
0.39489746 0.71398926 0.13928223 0.36804199
0.71398926 0.13928223 0.36804199 0.25744629
0.13928223 0.36804199 0.25744629 0.37707520
0.36804199 0.25744629 0.37707520 0.41101074
0.25744629 0.37707520 0.41101074 0.98791504
0.37707520 0.41101074 0.98791504 0.79650879
0.41101074 0.98791504 0.79650879 0.54223633
0.98791504 0.79650879 0.54223633 0.21911621
0.79650879 0.54223633 0.21911621 0.72534180
0.54223633 0.21911621 0.72534180 0.33227539
0.21911621 0.72534180 0.33227539 0.64929199
0.72534180 0.33227539 0.64929199 0.03930664
0.33227539 0.64929199 0.03930664 0.66821289
0.64929199 0.03930664 0.66821289 0.36096191
0.03930664 0.66821289 0.36096191 0.13708496
0.66821289 0.36096191 0.13708496 0.33068848
0.36096191 0.13708496 0.33068848 0.62231445
0.13708496 0.33068848 0.62231445 0.58056641
0.33068848 0.62231445 0.58056641 0.87072754
0.62231445 0.58056641 0.87072754 0.80407715
0.58056641 0.87072754 0.80407715 0.67089844
0.87072754 0.80407715 0.67089844 0.40661621
0.80407715 0.67089844 0.40661621 0.91320801
0.67089844 0.40661621 0.91320801 0.52636719
0.40661621 0.91320801 0.52636719 0.94921875
0.91320801 0.52636719 0.94921875 0.13867188
0.52636719 0.94921875 0.13867188 0.35766602
0.94921875 0.13867188 0.35766602 0.08105469
0.13867188 0.35766602 0.08105469 0.37805176
0.35766602 0.08105469 0.37805176 0.42761230
0.08105469 0.37805176 0.42761230 0.27026367
0.37805176 0.42761230 0.27026367 0.59497070
0.42761230 0.27026367 0.59497070 0.11572266
0.27026367 0.59497070 0.11572266 0.96740723
0.59497070 0.11572266 0.96740723 0.44787598
0.11572266 0.96740723 0.44787598 0.61474609
0.96740723 0.44787598 0.61474609 0.45190430
0.44787598 0.61474609 0.45190430 0.68322754
0.61474609 0.45190430 0.68322754 0.61621094
0.45190430 0.68322754 0.61621094 0.47680664
0.68322754 0.61621094 0.47680664 0.10668945
0.61621094 0.47680664 0.10668945 0.81384277
0.47680664 0.10668945 0.81384277 0.83691406
0.10668945 0.81384277 0.83691406 0.22924805
0.81384277 0.83691406 0.22924805 0.89758301
0.83691406 0.22924805 0.89758301 0.26074219
0.22924805 0.89758301 0.26074219 0.43310547
0.89758301 0.26074219 0.43310547 0.36364746
0.26074219 0.43310547 0.36364746 0.18273926
0.43310547 0.36364746 0.18273926 0.10693359
0.36364746 0.18273926 0.10693359 0.81799316
0.18273926 0.10693359 0.81799316 0.90747070
0.10693359 0.81799316 0.90747070 0.42883301
0.81799316 0.90747070 0.42883301 0.29101562
0.90747070 0.42883301 0.29101562 0.94775391
0.42883301 0.29101562 0.94775391 0.11376953
0.29101562 0.94775391 0.11376953 0.93420410
0.94775391 0.11376953 0.93420410 0.88330078
0.11376953 0.93420410 0.88330078 0.01794434
0.93420410 0.88330078 0.01794434 0.30505371
0.88330078 0.01794434 0.30505371 0.18652344
0.01794434 0.30505371 0.18652344 0.17126465
0.30505371 0.18652344 0.17126465 0.91174316
0.18652344 0.17126465 0.91174316 0.50146484
0.17126465 0.91174316 0.50146484 0.52587891
0.91174316 0.50146484 0.52587891 0.94091797
0.50146484 0.52587891 0.94091797 0.99743652
0.52587891 0.94091797 0.99743652 0.95837402
0.94091797 0.99743652 0.95837402 0.29431152
0.99743652 0.95837402 0.29431152 0.00390625
0.95837402 0.29431152 0.00390625 0.06640625
0.29431152 0.00390625 0.06640625 0.12902832
0.00390625 0.06640625 0.12902832 0.19372559
0.06640625 0.12902832 0.19372559 0.29370117
0.12902832 0.19372559 0.29370117 0.99340820
0.19372559 0.29370117 0.99340820 0.88989258
0.29370117 0.99340820 0.88989258 0.13000488
0.99340820 0.88989258 0.13000488 0.21032715
0.88989258 0.13000488 0.21032715 0.57592773
0.13000488 0.21032715 0.57592773 0.79187012
0.21032715 0.57592773 0.79187012 0.46337891
0.57592773 0.79187012 0.46337891 0.87829590
0.79187012 0.46337891 0.87829590 0.93273926
0.46337891 0.87829590 0.93273926 0.85839844
0.87829590 0.93273926 0.85839844 0.59448242
0.93273926 0.85839844 0.59448242 0.10742188
0.85839844 0.59448242 0.10742188 0.82629395
0.59448242 0.10742188 0.82629395 0.04870605
0.10742188 0.82629395 0.04870605 0.82800293
0.82629395 0.04870605 0.82800293 0.07775879
0.04870605 0.82800293 0.07775879 0.32202148
0.82800293 0.07775879 0.32202148 0.47497559
0.07775879 0.32202148 0.47497559 0.07556152
0.32202148 0.47497559 0.07556152 0.28466797
0.47497559 0.07556152 0.28466797 0.83984375
0.07556152 0.28466797 0.83984375 0.27905273
0.28466797 0.83984375 0.27905273 0.74438477
0.83984375 0.27905273 0.74438477 0.65600586
0.27905273 0.74438477 0.65600586 0.15344238
0.74438477 0.65600586 0.15344238 0.60876465
0.65600586 0.15344238 0.60876465 0.35021973
0.15344238 0.60876465 0.35021973 0.95434570
0.60876465 0.35021973 0.95434570 0.22583008
0.35021973 0.95434570 0.22583008 0.83947754
0.95434570 0.22583008 0.83947754 0.27282715
0.22583008 0.83947754 0.27282715 0.63854980
0.83947754 0.27282715 0.63854980 0.85656738
0.27282715 0.63854980 0.85656738 0.56335449
0.63854980 0.85656738 0.56335449 0.57812500
0.85656738 0.56335449 0.57812500 0.82922363
0.56335449 0.57812500 0.82922363 0.09851074
0.57812500 0.82922363 0.09851074 0.67480469
0.82922363 0.09851074 0.67480469 0.47302246
0.09851074 0.67480469 0.47302246 0.04235840
0.67480469 0.47302246 0.04235840 0.72009277
0.47302246 0.04235840 0.72009277 0.24304199
0.04235840 0.72009277 0.24304199 0.13220215
0.72009277 0.24304199 0.13220215 0.24768066
0.24304199 0.13220215 0.24768066 0.21105957
0.13220215 0.24768066 0.21105957 0.58837891
0.24768066 0.21105957 0.58837891 0.00366211
0.21105957 0.58837891 0.00366211 0.06225586
0.58837891 0.00366211 0.06225586 0.05847168
0.00366211 0.06225586 0.05847168 0.99401855
0.06225586 0.05847168 0.99401855 0.90026855
0.05847168 0.99401855 0.90026855 0.30639648
0.99401855 0.90026855 0.30639648 0.20935059
0.90026855 0.30639648 0.20935059 0.55932617
0.30639648 0.20935059 0.55932617 0.50964355
0.20935059 0.55932617 0.50964355 0.66491699
0.55932617 0.50964355 0.66491699 0.30493164
0.50964355 0.66491699 0.30493164 0.18444824
0.66491699 0.30493164 0.18444824 0.13598633
0.30493164 0.18444824 0.13598633 0.31201172
0.18444824 0.13598633 0.31201172 0.30480957
0.13598633 0.31201172 0.30480957 0.18237305
0.31201172 0.30480957 0.18237305 0.10070801
0.30480957 0.18237305 0.10070801 0.71215820
0.18237305 0.10070801 0.71215820 0.10815430
0.10070801 0.71215820 0.10815430 0.83874512
0.71215820 0.10815430 0.83874512 0.26037598
0.10815430 0.83874512 0.26037598 0.42687988
0.83874512 0.26037598 0.42687988 0.25781250
0.26037598 0.42687988 0.25781250 0.38330078
0.42687988 0.25781250 0.38330078 0.51684570
0.25781250 0.38330078 0.51684570 0.78735352
0.38330078 0.51684570 0.78735352 0.38659668
0.51684570 0.78735352 0.38659668 0.57287598
0.78735352 0.38659668 0.57287598 0.73999023
0.38659668 0.57287598 0.73999023 0.58129883
0.57287598 0.73999023 0.58129883 0.88317871
0.73999023 0.58129883 0.88317871 0.01586914
0.58129883 0.88317871 0.01586914 0.26977539
0.88317871 0.01586914 0.26977539 0.58666992
0.01586914 0.26977539 0.58666992 0.97448730
0.26977539 0.58666992 0.97448730 0.56823730
0.58666992 0.97448730 0.56823730 0.66113281
0.97448730 0.56823730 0.66113281 0.24060059
0.56823730 0.66113281 0.24060059 0.09069824
0.66113281 0.24060059 0.09069824 0.54199219
0.24060059 0.09069824 0.54199219 0.21496582
0.09069824 0.54199219 0.21496582 0.65478516
0.54199219 0.21496582 0.65478516 0.13269043
0.21496582 0.65478516 0.13269043 0.25598145
0.65478516 0.13269043 0.25598145 0.35217285
0.13269043 0.25598145 0.35217285 0.98754883
0.25598145 0.35217285 0.98754883 0.79028320
0.35217285 0.98754883 0.79028320 0.43640137
0.98754883 0.79028320 0.43640137 0.41967773
0.79028320 0.43640137 0.41967773 0.13537598
0.43640137 0.41967773 0.13537598 0.30163574
0.41967773 0.13537598 0.30163574 0.12841797
0.13537598 0.30163574 0.12841797 0.18334961
0.30163574 0.12841797 0.18334961 0.11730957
0.12841797 0.18334961 0.11730957 0.99438477
0.18334961 0.11730957 0.99438477 0.90649414
0.11730957 0.99438477 0.90649414 0.41223145
0.99438477 0.90649414 0.41223145 0.00878906
0.90649414 0.41223145 0.00878906 0.14941406
0.41223145 0.00878906 0.14941406 0.54028320
0.00878906 0.14941406 0.54028320 0.18591309
0.14941406 0.54028320 0.18591309 0.16088867
0.54028320 0.18591309 0.16088867 0.73535156
0.18591309 0.16088867 0.73535156 0.50244141
0.16088867 0.73535156 0.50244141 0.54248047
0.73535156 0.50244141 0.54248047 0.22326660
0.50244141 0.54248047 0.22326660 0.79589844
0.54248047 0.22326660 0.79589844 0.53186035
0.22326660 0.79589844 0.53186035 0.04272461
0.79589844 0.53186035 0.04272461 0.72631836
0.53186035 0.04272461 0.72631836 0.34887695
0.04272461 0.72631836 0.34887695 0.93151855
0.72631836 0.34887695 0.93151855 0.83764648
0.34887695 0.93151855 0.83764648 0.24169922
0.93151855 0.83764648 0.24169922 0.10937500
0.83764648 0.24169922 0.10937500 0.85949707
0.24169922 0.10937500 0.85949707 0.61315918
0.10937500 0.85949707 0.61315918 0.42492676
0.85949707 0.61315918 0.42492676 0.22460938
0.61315918 0.42492676 0.22460938 0.81872559
0.42492676 0.22460938 0.81872559 0.91992188
0.22460938 0.81872559 0.91992188 0.64050293
0.81872559 0.91992188 0.64050293 0.88977051
0.91992188 0.64050293 0.88977051 0.12792969
0.64050293 0.88977051 0.12792969 0.17504883
0.88977051 0.12792969 0.17504883 0.97607422
0.12792969 0.17504883 0.97607422 0.59521484
0.17504883 0.97607422 0.59521484 0.11987305
0.97607422 0.59521484 0.11987305 0.03808594
0.59521484 0.11987305 0.03808594 0.64746094
0.11987305 0.03808594 0.64746094 0.00817871
0.03808594 0.64746094 0.00817871 0.13903809
0.64746094 0.00817871 0.13903809 0.36389160
0.00817871 0.13903809 0.36389160 0.18688965
0.13903809 0.36389160 0.18688965 0.17749023
0.36389160 0.18688965 0.17749023 0.01770020
0.18688965 0.17749023 0.01770020 0.30090332
0.17749023 0.01770020 0.30090332 0.11596680
0.01770020 0.30090332 0.11596680 0.97155762
0.30090332 0.11596680 0.97155762 0.51843262
0.11596680 0.97155762 0.51843262 0.81433105
0.97155762 0.51843262 0.81433105 0.84521484
0.51843262 0.81433105 0.84521484 0.37036133
0.81433105 0.84521484 0.37036133 0.29687500
0.84521484 0.37036133 0.29687500 0.04748535
0.37036133 0.29687500 0.04748535 0.80725098
0.29687500 0.04748535 0.80725098 0.72485352
0.04748535 0.80725098 0.72485352 0.32397461
0.80725098 0.72485352 0.32397461 0.50817871
0.72485352 0.32397461 0.50817871 0.64001465
0.32397461 0.50817871 0.64001465 0.88146973
0.50817871 0.64001465 0.88146973 0.98669434
0.64001465 0.88146973 0.98669434 0.77575684
0.88146973 0.98669434 0.77575684 0.18945312
0.98669434 0.77575684 0.18945312 0.22106934
0.77575684 0.18945312 0.22106934 0.75854492
0.18945312 0.22106934 0.75854492 0.89672852
0.22106934 0.75854492 0.89672852 0.24621582
0.75854492 0.89672852 0.24621582 0.18615723
0.89672852 0.24621582 0.18615723 0.16503906
0.24621582 0.18615723 0.16503906 0.80590820
0.18615723 0.16503906 0.80590820 0.70202637
0.16503906 0.80590820 0.70202637 0.93579102
0.80590820 0.70202637 0.93579102 0.91027832
0.70202637 0.93579102 0.91027832 0.47656250
0.93579102 0.91027832 0.47656250 0.10253906
0.91027832 0.47656250 0.10253906 0.74328613
0.47656250 0.10253906 0.74328613 0.63732910
0.10253906 0.74328613 0.63732910 0.83581543
0.74328613 0.63732910 0.83581543 0.21057129
0.63732910 0.83581543 0.21057129 0.58007812
0.83581543 0.21057129 0.58007812 0.86242676
0.21057129 0.58007812 0.86242676 0.66296387
0.58007812 0.86242676 0.66296387 0.27172852
0.86242676 0.66296387 0.27172852 0.61987305
0.66296387 0.27172852 0.61987305 0.53906250
0.27172852 0.61987305 0.53906250 0.16516113
0.61987305 0.53906250 0.16516113 0.80798340
0.53906250 0.16516113 0.80798340 0.73730469
0.16516113 0.80798340 0.73730469 0.53564453
0.80798340 0.73730469 0.53564453 0.10705566
0.73730469 0.53564453 0.10705566 0.82006836
0.53564453 0.10705566 0.82006836 0.94274902
0.10705566 0.82006836 0.94274902 0.02868652
0.82006836 0.94274902 0.02868652 0.48767090
0.94274902 0.02868652 0.48767090 0.29138184
0.02868652 0.48767090 0.29138184 0.95397949
0.48767090 0.29138184 0.95397949 0.21960449
0.29138184 0.95397949 0.21960449 0.73364258
0.95397949 0.21960449 0.73364258 0.47338867
0.21960449 0.73364258 0.47338867 0.04858398
0.73364258 0.47338867 0.04858398 0.82592773
0.47338867 0.04858398 0.82592773 0.04248047
0.04858398 0.82592773 0.04248047 0.72216797
0.82592773 0.04248047 0.72216797 0.27832031
0.04248047 0.72216797 0.27832031 0.73193359
0.72216797 0.27832031 0.73193359 0.44433594
0.27832031 0.73193359 0.44433594 0.55456543
0.73193359 0.44433594 0.55456543 0.42871094
0.44433594 0.55456543 0.42871094 0.28894043
0.55456543 0.42871094 0.28894043 0.91247559
0.42871094 0.28894043 0.91247559 0.51391602
0.28894043 0.91247559 0.51391602 0.73754883
0.91247559 0.51391602 0.73754883 0.53979492
0.51391602 0.73754883 0.53979492 0.17761230
0.73754883 0.53979492 0.17761230 0.01977539
0.53979492 0.17761230 0.01977539 0.33618164
0.17761230 0.01977539 0.33618164 0.71569824
0.01977539 0.33618164 0.71569824 0.16833496
0.33618164 0.71569824 0.16833496 0.86193848
0.71569824 0.16833496 0.86193848 0.65466309
0.16833496 0.86193848 0.65466309 0.13061523
0.86193848 0.65466309 0.13061523 0.22070312
0.65466309 0.13061523 0.22070312 0.75231934
0.13061523 0.22070312 0.75231934 0.79089355
0.22070312 0.75231934 0.79089355 0.44677734
0.75231934 0.79089355 0.44677734 0.59606934
0.79089355 0.44677734 0.59606934 0.13439941
0.44677734 0.59606934 0.13439941 0.28503418
0.59606934 0.13439941 0.28503418 0.84606934
0.13439941 0.28503418 0.84606934 0.38488770
0.28503418 0.84606934 0.38488770 0.54382324
0.84606934 0.38488770 0.54382324 0.24609375
0.38488770 0.54382324 0.24609375 0.18408203
0.54382324 0.24609375 0.18408203 0.12976074
0.24609375 0.18408203 0.12976074 0.20617676
0.18408203 0.12976074 0.20617676 0.50537109
0.12976074 0.20617676 0.50537109 0.59228516
0.20617676 0.50537109 0.59228516 0.07006836
0.50537109 0.59228516 0.07006836 0.19128418
0.59228516 0.07006836 0.19128418 0.25219727
0.07006836 0.19128418 0.25219727 0.28784180
0.19128418 0.25219727 0.28784180 0.89379883
0.25219727 0.28784180 0.89379883 0.19641113
0.28784180 0.89379883 0.19641113 0.33935547
0.89379883 0.19641113 0.33935547 0.76965332
0.19641113 0.33935547 0.76965332 0.08569336
0.33935547 0.76965332 0.08569336 0.45690918
0.76965332 0.08569336 0.45690918 0.76831055
0.08569336 0.45690918 0.76831055 0.06286621
0.45690918 0.76831055 0.06286621 0.06884766
0.76831055 0.06286621 0.06884766 0.17053223
0.06286621 0.06884766 0.17053223 0.89929199
0.06884766 0.17053223 0.89929199 0.28979492
0.17053223 0.89929199 0.28979492 0.92700195
0.89929199 0.28979492 0.92700195 0.76086426
0.28979492 0.92700195 0.76086426 0.93615723
0.92700195 0.76086426 0.93615723 0.91650391
0.76086426 0.93615723 0.91650391 0.58239746
0.93615723 0.91650391 0.58239746 0.90185547
0.91650391 0.58239746 0.90185547 0.33337402
0.58239746 0.90185547 0.33337402 0.66796875
0.90185547 0.33337402 0.66796875 0.35681152
0.33337402 0.66796875 0.35681152 0.06652832
0.66796875 0.35681152 0.06652832 0.13110352
0.35681152 0.06652832 0.13110352 0.22900391
0.06652832 0.13110352 0.22900391 0.89343262
0.13110352 0.22900391 0.89343262 0.19018555
0.22900391 0.89343262 0.19018555 0.23352051
0.89343262 0.19018555 0.23352051 0.97021484
0.19018555 0.23352051 0.97021484 0.49560547
0.23352051 0.97021484 0.49560547 0.42626953
0.97021484 0.49560547 0.42626953 0.24743652
0.49560547 0.42626953 0.24743652 0.20690918
0.42626953 0.24743652 0.20690918 0.51782227
0.24743652 0.20690918 0.51782227 0.80395508
0.20690918 0.51782227 0.80395508 0.66882324
0.51782227 0.80395508 0.66882324 0.37133789
0.80395508 0.66882324 0.37133789 0.31347656
0.66882324 0.37133789 0.31347656 0.32971191
0.37133789 0.31347656 0.32971191 0.60571289
0.31347656 0.32971191 0.60571289 0.29833984
0.32971191 0.60571289 0.29833984 0.07238770
0.60571289 0.29833984 0.07238770 0.23071289
0.29833984 0.07238770 0.23071289 0.92248535
0.07238770 0.23071289 0.92248535 0.68408203
0.23071289 0.92248535 0.68408203 0.63073730
0.92248535 0.68408203 0.63073730 0.72375488
0.68408203 0.63073730 0.72375488 0.30529785
0.63073730 0.72375488 0.30529785 0.19067383
0.72375488 0.30529785 0.19067383 0.24182129
0.30529785 0.19067383 0.24182129 0.11145020
0.19067383 0.24182129 0.11145020 0.89477539
0.24182129 0.11145020 0.89477539 0.21301270
0.11145020 0.89477539 0.21301270 0.62158203
0.89477539 0.21301270 0.62158203 0.56811523
0.21301270 0.62158203 0.56811523 0.65905762
0.62158203 0.56811523 0.65905762 0.20532227
0.56811523 0.65905762 0.20532227 0.49084473
0.65905762 0.20532227 0.49084473 0.34533691
0.20532227 0.49084473 0.34533691 0.87133789
0.49084473 0.34533691 0.87133789 0.81445312
0.34533691 0.87133789 0.81445312 0.84729004
0.87133789 0.81445312 0.84729004 0.40563965
0.81445312 0.84729004 0.40563965 0.89660645
0.84729004 0.40563965 0.89660645 0.24414062
0.40563965 0.89660645 0.24414062 0.15087891
0.89660645 0.24414062 0.15087891 0.56518555
0.24414062 0.15087891 0.56518555 0.60925293
0.15087891 0.56518555 0.60925293 0.35852051
0.56518555 0.60925293 0.35852051 0.09558105
0.60925293 0.35852051 0.09558105 0.62500000
0.35852051 0.09558105 0.62500000 0.62622070
0.09558105 0.62500000 0.62622070 0.64697266
0.62500000 0.62622070 0.64697266 0.99975586
0.62622070 0.64697266 0.99975586 0.99780273
0.64697266 0.99975586 0.99780273 0.96459961
0.99975586 0.99780273 0.96459961 0.40014648
0.99780273 0.96459961 0.40014648 0.80322266
0.96459961 0.40014648 0.80322266 0.65637207
0.40014648 0.80322266 0.65637207 0.15966797
0.80322266 0.65637207 0.15966797 0.71459961
0.65637207 0.15966797 0.71459961 0.14965820
0.15966797 0.71459961 0.14965820 0.54443359
0.71459961 0.14965820 0.54443359 0.25646973
0.14965820 0.54443359 0.25646973 0.36047363
0.54443359 0.25646973 0.36047363 0.12878418
0.25646973 0.36047363 0.12878418 0.18957520
0.36047363 0.12878418 0.18957520 0.22314453
0.12878418 0.18957520 0.22314453 0.79382324
0.18957520 0.22314453 0.79382324 0.49658203
0.22314453 0.79382324 0.49658203 0.44287109
0.79382324 0.49658203 0.44287109 0.52966309
0.49658203 0.44287109 0.52966309 0.00537109
0.44287109 0.52966309 0.00537109 0.09130859
0.52966309 0.00537109 0.09130859 0.55236816
0.00537109 0.09130859 0.55236816 0.39135742
0.09130859 0.55236816 0.39135742 0.65380859
0.55236816 0.39135742 0.65380859 0.11608887
0.39135742 0.65380859 0.11608887 0.97363281
0.65380859 0.11608887 0.97363281 0.55371094
0.11608887 0.97363281 0.55371094 0.41418457
0.97363281 0.55371094 0.41418457 0.04199219
0.55371094 0.41418457 0.04199219 0.71386719
0.41418457 0.04199219 0.71386719 0.13720703
0.04199219 0.71386719 0.13720703 0.33276367
0.71386719 0.13720703 0.33276367 0.65759277
0.13720703 0.33276367 0.65759277 0.18041992
0.33276367 0.65759277 0.18041992 0.06750488
0.65759277 0.18041992 0.06750488 0.14770508
0.18041992 0.06750488 0.14770508 0.51123047
0.06750488 0.14770508 0.51123047 0.69189453
0.14770508 0.51123047 0.69189453 0.76354980
0.51123047 0.69189453 0.76354980 0.98181152
0.69189453 0.76354980 0.98181152 0.69274902
0.76354980 0.98181152 0.69274902 0.77807617
0.98181152 0.69274902 0.77807617 0.22888184
0.69274902 0.77807617 0.22888184 0.89135742
0.77807617 0.22888184 0.89135742 0.15490723
0.22888184 0.89135742 0.15490723 0.63366699
0.89135742 0.15490723 0.63366699 0.77355957
0.15490723 0.63366699 0.77355957 0.15209961
0.63366699 0.77355957 0.15209961 0.58593750
0.77355957 0.15209961 0.58593750 0.96203613
0.15209961 0.58593750 0.96203613 0.35656738
0.58593750 0.96203613 0.35656738 0.06237793
0.96203613 0.35656738 0.06237793 0.06054688
0.35656738 0.06237793 0.06054688 0.02941895
0.06237793 0.06054688 0.02941895 0.50012207
0.06054688 0.02941895 0.50012207 0.50305176
0.02941895 0.50012207 0.50305176 0.55285645
0.50012207 0.50305176 0.55285645 0.39965820
0.50305176 0.55285645 0.39965820 0.79492188
0.55285645 0.39965820 0.79492188 0.51525879
0.39965820 0.79492188 0.51525879 0.76037598
0.79492188 0.51525879 0.76037598 0.92785645
0.51525879 0.76037598 0.92785645 0.77539062
0.76037598 0.92785645 0.77539062 0.18322754
0.92785645 0.77539062 0.18322754 0.11523438
0.77539062 0.18322754 0.11523438 0.95910645
0.18322754 0.11523438 0.95910645 0.30676270
0.11523438 0.95910645 0.30676270 0.21557617
0.95910645 0.30676270 0.21557617 0.66516113
0.30676270 0.21557617 0.66516113 0.30908203
0.21557617 0.66516113 0.30908203 0.25500488
0.66516113 0.30908203 0.25500488 0.33557129
0.30908203 0.25500488 0.33557129 0.70532227
0.25500488 0.33557129 0.70532227 0.99182129
0.33557129 0.70532227 0.99182129 0.86291504
0.70532227 0.99182129 0.86291504 0.67126465
0.99182129 0.86291504 0.67126465 0.41284180
0.86291504 0.67126465 0.41284180 0.01916504
0.67126465 0.41284180 0.01916504 0.32580566
0.41284180 0.01916504 0.32580566 0.53930664
0.01916504 0.32580566 0.53930664 0.16931152
0.32580566 0.53930664 0.16931152 0.87854004
0.53930664 0.16931152 0.87854004 0.93688965
0.16931152 0.87854004 0.93688965 0.92895508
0.87854004 0.93688965 0.92895508 0.79406738
0.93688965 0.92895508 0.79406738 0.50073242
0.92895508 0.79406738 0.50073242 0.51342773
0.79406738 0.50073242 0.51342773 0.72924805
0.50073242 0.51342773 0.72924805 0.39868164
0.51342773 0.72924805 0.39868164 0.77832031
0.72924805 0.39868164 0.77832031 0.23303223
0.39868164 0.77832031 0.23303223 0.96191406
0.77832031 0.23303223 0.96191406 0.35449219
0.23303223 0.96191406 0.35449219 0.02709961
0.96191406 0.35449219 0.02709961 0.46069336
0.35449219 0.02709961 0.46069336 0.83264160
0.02709961 0.46069336 0.83264160 0.15661621
0.46069336 0.83264160 0.15661621 0.66271973
0.83264160 0.15661621 0.66271973 0.26757812
0.15661621 0.66271973 0.26757812 0.54931641
0.66271973 0.26757812 0.54931641 0.33947754
0.26757812 0.54931641 0.33947754 0.77172852
0.54931641 0.33947754 0.77172852 0.12097168
0.33947754 0.77172852 0.12097168 0.05676270
0.77172852 0.12097168 0.05676270 0.96496582
0.12097168 0.05676270 0.96496582 0.40637207
0.05676270 0.96496582 0.40637207 0.90905762
0.96496582 0.40637207 0.90905762 0.45581055
