0.10375977 0.82055664 0.75573730 0.24548340
0.82055664 0.75573730 0.24548340 0.86853027
0.75573730 0.24548340 0.86853027 0.83398438
0.24548340 0.86853027 0.83398438 0.89721680
0.86853027 0.83398438 0.89721680 0.27270508
0.83398438 0.89721680 0.27270508 0.18273926
0.89721680 0.27270508 0.18273926 0.53466797
0.27270508 0.18273926 0.53466797 0.45227051
0.18273926 0.53466797 0.45227051 0.44763184
0.53466797 0.45227051 0.44763184 0.05334473
0.45227051 0.44763184 0.05334473 0.53479004
0.44763184 0.05334473 0.53479004 0.46264648
0.05334473 0.53479004 0.46264648 0.32971191
0.53479004 0.46264648 0.32971191 0.02893066
0.46264648 0.32971191 0.02893066 0.45935059
0.32971191 0.02893066 0.45935059 0.04956055
0.02893066 0.45935059 0.04956055 0.21313477
0.45935059 0.04956055 0.21313477 0.11865234
0.04956055 0.21313477 0.11865234 0.08666992
0.21313477 0.11865234 0.08666992 0.36779785
0.11865234 0.08666992 0.36779785 0.26660156
0.08666992 0.36779785 0.26660156 0.66381836
0.36779785 0.26660156 0.66381836 0.43139648
0.26660156 0.66381836 0.43139648 0.67309570
0.66381836 0.43139648 0.67309570 0.22009277
0.43139648 0.67309570 0.22009277 0.71008301
0.67309570 0.22009277 0.71008301 0.36437988
0.22009277 0.71008301 0.36437988 0.97595215
0.71008301 0.36437988 0.97595215 0.96594238
0.36437988 0.97595215 0.96594238 0.11511230
0.97595215 0.96594238 0.11511230 0.78564453
0.96594238 0.11511230 0.78564453 0.78784180
0.11511230 0.78564453 0.78784180 0.97460938
0.78564453 0.78784180 0.97460938 0.85180664
0.78784180 0.97460938 0.85180664 0.41235352
0.97460938 0.85180664 0.41235352 0.05432129
0.85180664 0.41235352 0.05432129 0.61779785
0.41235352 0.05432129 0.61779785 0.51916504
0.05432129 0.61779785 0.51916504 0.13439941
0.61779785 0.51916504 0.13439941 0.42529297
0.51916504 0.13439941 0.42529297 0.15429688
0.13439941 0.42529297 0.15429688 0.11682129
0.42529297 0.15429688 0.11682129 0.93090820
0.15429688 0.11682129 0.93090820 0.13684082
0.11682129 0.93090820 0.13684082 0.63281250
0.93090820 0.13684082 0.63281250 0.79553223
0.13684082 0.63281250 0.79553223 0.62841797
0.63281250 0.79553223 0.62841797 0.42199707
0.79553223 0.62841797 0.42199707 0.87402344
0.62841797 0.42199707 0.87402344 0.30102539
0.42199707 0.87402344 0.30102539 0.59020996
0.87402344 0.30102539 0.59020996 0.17395020
0.30102539 0.59020996 0.17395020 0.78747559
0.59020996 0.17395020 0.78747559 0.94348145
0.17395020 0.78747559 0.94348145 0.20568848
0.78747559 0.94348145 0.20568848 0.48559570
0.94348145 0.20568848 0.48559570 0.28063965
0.20568848 0.48559570 0.28063965 0.85717773
0.48559570 0.28063965 0.85717773 0.86889648
0.28063965 0.85717773 0.86889648 0.86511230
0.85717773 0.86889648 0.86511230 0.54345703
0.86889648 0.86511230 0.54345703 0.19946289
0.86511230 0.54345703 0.19946289 0.95629883
0.54345703 0.19946289 0.95629883 0.29528809
0.19946289 0.95629883 0.29528809 0.10253906
0.95629883 0.29528809 0.10253906 0.71679688
0.29528809 0.10253906 0.71679688 0.93505859
0.10253906 0.71679688 0.93505859 0.48962402
0.71679688 0.93505859 0.48962402 0.62304688
0.93505859 0.48962402 0.62304688 0.96533203
0.48962402 0.62304688 0.96533203 0.06323242
0.62304688 0.96533203 0.06323242 0.37536621
0.96533203 0.06323242 0.37536621 0.90991211
0.06323242 0.37536621 0.90991211 0.35192871
0.37536621 0.90991211 0.35192871 0.91748047
0.90991211 0.35192871 0.91748047 0.99523926
0.35192871 0.91748047 0.99523926 0.60559082
0.91748047 0.99523926 0.60559082 0.48144531
0.99523926 0.60559082 0.48144531 0.92773438
0.60559082 0.48144531 0.92773438 0.86694336
0.48144531 0.92773438 0.86694336 0.69909668
0.92773438 0.86694336 0.69909668 0.43041992
0.86694336 0.69909668 0.43041992 0.59008789
0.69909668 0.43041992 0.59008789 0.16357422
0.43041992 0.59008789 0.16357422 0.90539551
0.59008789 0.16357422 0.90539551 0.96789551
0.16357422 0.90539551 0.96789551 0.28112793
0.90539551 0.96789551 0.28112793 0.89868164
0.96789551 0.28112793 0.89868164 0.39721680
0.28112793 0.89868164 0.39721680 0.76745605
0.89868164 0.39721680 0.76745605 0.24169922
0.39721680 0.76745605 0.24169922 0.54687500
0.76745605 0.24169922 0.54687500 0.48999023
0.24169922 0.54687500 0.48999023 0.65417480
0.54687500 0.48999023 0.65417480 0.61157227
0.48999023 0.65417480 0.61157227 0.98986816
0.65417480 0.61157227 0.98986816 0.14904785
0.61157227 0.98986816 0.14904785 0.67053223
0.98986816 0.14904785 0.67053223 0.00219727
0.14904785 0.67053223 0.00219727 0.18676758
0.67053223 0.00219727 0.18676758 0.87707520
0.00219727 0.18676758 0.87707520 0.56042480
0.18676758 0.87707520 0.56042480 0.64184570
0.87707520 0.56042480 0.64184570 0.56347656
0.56042480 0.64184570 0.56347656 0.90124512
0.64184570 0.56347656 0.90124512 0.61511230
0.56347656 0.90124512 0.61511230 0.29089355
0.90124512 0.61511230 0.29089355 0.72888184
0.61511230 0.29089355 0.72888184 0.96240234
0.29089355 0.72888184 0.96240234 0.81408691
0.72888184 0.96240234 0.81408691 0.20581055
0.96240234 0.81408691 0.20581055 0.49597168
0.81408691 0.20581055 0.49597168 0.16271973
0.20581055 0.49597168 0.16271973 0.83276367
0.49597168 0.16271973 0.83276367 0.79345703
0.16271973 0.83276367 0.79345703 0.45202637
0.83276367 0.79345703 0.45202637 0.42687988
0.79345703 0.45202637 0.42687988 0.28918457
0.45202637 0.42687988 0.28918457 0.58361816
0.42687988 0.28918457 0.58361816 0.61352539
0.28918457 0.58361816 0.61352539 0.15600586
0.58361816 0.61352539 0.15600586 0.26208496
0.61352539 0.15600586 0.26208496 0.27990723
0.15600586 0.26208496 0.27990723 0.79492188
0.26208496 0.27990723 0.79492188 0.57653809
0.27990723 0.79492188 0.57653809 0.01171875
0.79492188 0.57653809 0.01171875 0.99609375
0.57653809 0.01171875 0.99609375 0.67822266
0.01171875 0.99609375 0.67822266 0.65588379
0.99609375 0.67822266 0.65588379 0.75683594
0.67822266 0.65588379 0.75683594 0.33886719
0.65588379 0.75683594 0.33886719 0.80712891
0.75683594 0.33886719 0.80712891 0.61425781
0.33886719 0.80712891 0.61425781 0.21826172
0.80712891 0.61425781 0.21826172 0.55444336
0.61425781 0.21826172 0.55444336 0.13342285
0.21826172 0.55444336 0.13342285 0.34228516
0.55444336 0.13342285 0.34228516 0.09777832
0.13342285 0.34228516 0.09777832 0.31213379
0.34228516 0.09777832 0.31213379 0.53454590
0.09777832 0.31213379 0.53454590 0.44189453
0.31213379 0.53454590 0.44189453 0.56555176
0.53454590 0.44189453 0.56555176 0.07775879
0.44189453 0.56555176 0.07775879 0.61022949
0.56555176 0.07775879 0.61022949 0.87573242
0.07775879 0.61022949 0.87573242 0.44628906
0.61022949 0.87573242 0.44628906 0.93908691
0.87573242 0.44628906 0.93908691 0.83203125
0.44628906 0.93908691 0.83203125 0.73120117
0.93908691 0.83203125 0.73120117 0.15966797
0.83203125 0.73120117 0.15966797 0.57336426
0.73120117 0.15966797 0.57336426 0.74182129
0.15966797 0.57336426 0.74182129 0.06250000
0.57336426 0.74182129 0.06250000 0.31311035
0.74182129 0.06250000 0.31311035 0.61755371
0.06250000 0.31311035 0.61755371 0.49841309
0.31311035 0.61755371 0.49841309 0.37023926
0.61755371 0.49841309 0.37023926 0.47412109
0.49841309 0.37023926 0.47412109 0.30517578
0.37023926 0.47412109 0.30517578 0.94299316
0.47412109 0.30517578 0.94299316 0.16418457
0.30517578 0.94299316 0.16418457 0.95727539
0.94299316 0.16418457 0.95727539 0.37829590
0.16418457 0.95727539 0.37829590 0.15905762
0.95727539 0.37829590 0.15905762 0.52148438
0.37829590 0.15905762 0.52148438 0.33154297
0.15905762 0.52148438 0.33154297 0.18457031
0.52148438 0.33154297 0.18457031 0.69030762
0.33154297 0.18457031 0.69030762 0.68322754
0.18457031 0.69030762 0.68322754 0.08142090
0.69030762 0.68322754 0.08142090 0.92150879
0.68322754 0.08142090 0.92150879 0.33776855
0.08142090 0.92150879 0.33776855 0.71374512
0.92150879 0.33776855 0.71374512 0.67565918
0.33776855 0.71374512 0.67565918 0.43798828
0.71374512 0.67565918 0.43798828 0.23352051
0.67565918 0.43798828 0.23352051 0.85156250
0.43798828 0.23352051 0.85156250 0.39160156
0.23352051 0.85156250 0.39160156 0.29016113
0.85156250 0.39160156 0.29016113 0.66662598
0.39160156 0.29016113 0.66662598 0.67004395
0.29016113 0.66662598 0.67004395 0.96057129
0.66662598 0.67004395 0.96057129 0.65844727
0.67004395 0.96057129 0.65844727 0.97473145
0.96057129 0.65844727 0.97473145 0.86218262
0.65844727 0.97473145 0.86218262 0.29443359
0.97473145 0.86218262 0.29443359 0.02990723
0.86218262 0.29443359 0.02990723 0.54235840
0.29443359 0.02990723 0.54235840 0.10607910
0.02990723 0.54235840 0.10607910 0.01782227
0.54235840 0.10607910 0.01782227 0.51501465
0.10607910 0.01782227 0.51501465 0.78149414
0.01782227 0.51501465 0.78149414 0.43505859
0.51501465 0.78149414 0.43505859 0.98437500
0.78149414 0.43505859 0.98437500 0.68200684
0.43505859 0.98437500 0.68200684 0.97753906
0.98437500 0.68200684 0.97753906 0.10095215
0.68200684 0.97753906 0.10095215 0.58190918
0.97753906 0.10095215 0.58190918 0.46826172
0.10095215 0.58190918 0.46826172 0.80700684
0.58190918 0.46826172 0.80700684 0.60388184
0.46826172 0.80700684 0.60388184 0.33618164
0.80700684 0.60388184 0.33618164 0.57885742
0.60388184 0.33618164 0.57885742 0.20886230
0.33618164 0.57885742 0.20886230 0.75537109
0.57885742 0.20886230 0.75537109 0.21435547
0.20886230 0.75537109 0.21435547 0.22241211
0.75537109 0.21435547 0.22241211 0.90722656
0.21435547 0.22241211 0.90722656 0.12365723
0.22241211 0.90722656 0.12365723 0.51208496
0.90722656 0.12365723 0.51208496 0.53247070
0.12365723 0.51208496 0.53247070 0.26550293
0.51208496 0.53247070 0.26550293 0.57043457
0.53247070 0.26550293 0.57043457 0.49279785
0.26550293 0.57043457 0.49279785 0.89282227
0.57043457 0.49279785 0.89282227 0.89904785
0.49279785 0.89282227 0.89904785 0.42834473
0.89282227 0.89904785 0.42834473 0.41369629
0.89904785 0.42834473 0.41369629 0.16845703
0.42834473 0.41369629 0.16845703 0.32055664
0.41369629 0.16845703 0.32055664 0.25061035
0.16845703 0.32055664 0.25061035 0.30444336
0.32055664 0.25061035 0.30444336 0.88073730
0.25061035 0.30444336 0.88073730 0.87170410
0.30444336 0.88073730 0.87170410 0.10388184
0.88073730 0.87170410 0.10388184 0.83093262
0.87170410 0.10388184 0.83093262 0.63781738
0.10388184 0.83093262 0.63781738 0.22106934
0.83093262 0.63781738 0.22106934 0.79309082
0.63781738 0.22106934 0.79309082 0.42089844
0.22106934 0.79309082 0.42089844 0.78063965
0.79309082 0.42089844 0.78063965 0.36242676
0.42089844 0.78063965 0.36242676 0.80993652
0.78063965 0.36242676 0.80993652 0.85290527
0.36242676 0.80993652 0.85290527 0.50573730
0.80993652 0.85290527 0.50573730 0.99279785
0.85290527 0.50573730 0.99279785 0.39807129
0.50573730 0.99279785 0.39807129 0.84008789
0.99279785 0.39807129 0.84008789 0.41613770
0.39807129 0.84008789 0.41613770 0.37597656
0.84008789 0.41613770 0.37597656 0.96179199
0.41613770 0.37597656 0.96179199 0.76220703
0.37597656 0.96179199 0.76220703 0.79541016
0.96179199 0.76220703 0.79541016 0.61804199
0.76220703 0.79541016 0.61804199 0.53991699
0.79541016 0.61804199 0.53991699 0.89843750
0.61804199 0.53991699 0.89843750 0.37646484
0.53991699 0.89843750 0.37646484 0.00341797
0.89843750 0.37646484 0.00341797 0.29052734
0.37646484 0.00341797 0.29052734 0.69775391
0.00341797 0.29052734 0.69775391 0.31628418
0.29052734 0.69775391 0.31628418 0.88732910
0.69775391 0.31628418 0.88732910 0.43212891
0.31628418 0.88732910 0.43212891 0.73535156
0.88732910 0.43212891 0.73535156 0.51245117
0.43212891 0.73535156 0.51245117 0.56359863
0.73535156 0.51245117 0.56359863 0.91162109
0.51245117 0.56359863 0.91162109 0.49719238
0.56359863 0.91162109 0.49719238 0.26647949
0.91162109 0.49719238 0.26647949 0.65344238
0.49719238 0.26647949 0.65344238 0.54931641
0.26647949 0.65344238 0.54931641 0.69750977
0.65344238 0.54931641 0.69750977 0.29553223
0.54931641 0.69750977 0.29553223 0.12329102
0.69750977 0.29553223 0.12329102 0.48095703
0.29553223 0.12329102 0.48095703 0.88623047
0.12329102 0.48095703 0.88623047 0.33874512
0.48095703 0.88623047 0.33874512 0.79675293
0.88623047 0.33874512 0.79675293 0.73217773
0.33874512 0.79675293 0.73217773 0.24267578
0.79675293 0.73217773 0.24267578 0.62988281
0.73217773 0.24267578 0.62988281 0.54650879
0.24267578 0.62988281 0.54650879 0.45886230
0.62988281 0.54650879 0.45886230 0.00805664
0.54650879 0.45886230 0.00805664 0.68481445
0.45886230 0.00805664 0.68481445 0.21630859
0.00805664 0.68481445 0.21630859 0.38842773
0.68481445 0.21630859 0.38842773 0.02038574
0.21630859 0.38842773 0.02038574 0.73291016
0.38842773 0.02038574 0.73291016 0.30493164
0.02038574 0.73291016 0.30493164 0.92224121
0.73291016 0.30493164 0.92224121 0.40002441
0.30493164 0.92224121 0.40002441 0.00622559
0.92224121 0.40002441 0.00622559 0.52917480
0.40002441 0.00622559 0.52917480 0.98522949
0.00622559 0.52917480 0.98522949 0.75463867
0.52917480 0.98522949 0.75463867 0.15209961
0.98522949 0.75463867 0.15209961 0.92993164
0.75463867 0.15209961 0.92993164 0.05383301
0.15209961 0.92993164 0.05383301 0.57629395
0.92993164 0.05383301 0.57629395 0.99084473
0.05383301 0.57629395 0.99084473 0.23205566
0.57629395 0.99084473 0.23205566 0.72705078
0.99084473 0.23205566 0.72705078 0.80676270
0.23205566 0.72705078 0.80676270 0.58312988
0.72705078 0.80676270 0.58312988 0.57202148
0.80676270 0.58312988 0.57202148 0.62768555
0.58312988 0.57202148 0.62768555 0.35974121
0.57202148 0.62768555 0.35974121 0.58166504
0.62768555 0.35974121 0.58166504 0.44750977
0.35974121 0.58166504 0.44750977 0.04296875
0.58166504 0.44750977 0.04296875 0.65270996
0.44750977 0.04296875 0.65270996 0.48706055
0.04296875 0.65270996 0.48706055 0.40515137
0.65270996 0.48706055 0.40515137 0.44201660
0.48706055 0.40515137 0.44201660 0.57592773
0.40515137 0.44201660 0.57592773 0.95971680
0.44201660 0.57592773 0.95971680 0.58581543
0.57592773 0.95971680 0.58581543 0.80029297
0.95971680 0.58581543 0.80029297 0.03320312
0.58581543 0.80029297 0.03320312 0.82250977
0.80029297 0.03320312 0.82250977 0.92175293
0.03320312 0.82250977 0.92175293 0.35852051
0.82250977 0.92175293 0.35852051 0.47790527
0.92175293 0.35852051 0.47790527 0.62683105
0.35852051 0.47790527 0.62683105 0.28710938
0.47790527 0.62683105 0.28710938 0.40722656
0.62683105 0.28710938 0.40722656 0.61840820
0.28710938 0.40722656 0.61840820 0.57104492
0.40722656 0.61840820 0.57104492 0.54467773
0.61840820 0.57104492 0.54467773 0.30322266
0.57104492 0.54467773 0.30322266 0.77697754
0.54467773 0.30322266 0.77697754 0.05114746
0.30322266 0.77697754 0.05114746 0.34802246
0.77697754 0.05114746 0.34802246 0.58544922
0.05114746 0.34802246 0.58544922 0.76916504
0.34802246 0.58544922 0.76916504 0.38696289
0.58544922 0.76916504 0.38696289 0.89575195
0.76916504 0.38696289 0.89575195 0.14819336
0.38696289 0.89575195 0.14819336 0.59790039
0.89575195 0.14819336 0.59790039 0.82763672
0.14819336 0.59790039 0.82763672 0.35766602
0.59790039 0.82763672 0.35766602 0.40527344
0.82763672 0.35766602 0.40527344 0.45239258
0.35766602 0.40527344 0.45239258 0.45800781
0.40527344 0.45239258 0.45800781 0.93530273
0.45239258 0.45800781 0.93530273 0.51037598
0.45800781 0.93530273 0.51037598 0.38720703
0.93530273 0.51037598 0.38720703 0.91650391
0.51037598 0.38720703 0.91650391 0.91223145
0.38720703 0.91650391 0.91223145 0.54907227
0.91650391 0.91223145 0.54907227 0.67675781
0.91223145 0.54907227 0.67675781 0.53137207
0.54907227 0.67675781 0.53137207 0.17211914
0.67675781 0.53137207 0.17211914 0.63183594
0.53137207 0.17211914 0.63183594 0.71252441
0.17211914 0.63183594 0.71252441 0.57189941
0.63183594 0.71252441 0.57189941 0.61730957
0.71252441 0.57189941 0.61730957 0.47766113
0.57189941 0.61730957 0.47766113 0.60607910
0.61730957 0.47766113 0.60607910 0.52294922
0.47766113 0.60607910 0.52294922 0.45605469
0.60607910 0.52294922 0.45605469 0.76928711
0.52294922 0.45605469 0.76928711 0.39733887
0.45605469 0.76928711 0.39733887 0.77783203
0.76928711 0.39733887 0.77783203 0.12377930
0.39733887 0.77783203 0.12377930 0.52246094
0.77783203 0.12377930 0.52246094 0.41455078
0.12377930 0.52246094 0.41455078 0.24108887
0.52246094 0.41455078 0.24108887 0.49499512
0.41455078 0.24108887 0.49499512 0.07971191
0.24108887 0.49499512 0.07971191 0.77624512
0.49499512 0.07971191 0.77624512 0.98876953
0.07971191 0.77624512 0.98876953 0.05566406
0.77624512 0.98876953 0.05566406 0.73193359
0.98876953 0.05566406 0.73193359 0.22192383
0.05566406 0.73193359 0.22192383 0.86572266
0.73193359 0.22192383 0.86572266 0.59533691
0.22192383 0.86572266 0.59533691 0.60974121
0.86572266 0.59533691 0.60974121 0.83422852
0.59533691 0.60974121 0.83422852 0.91796875
0.60974121 0.83422852 0.91796875 0.03686523
0.83422852 0.91796875 0.03686523 0.13391113
0.91796875 0.03686523 0.13391113 0.38378906
0.03686523 0.13391113 0.38378906 0.62597656
0.13391113 0.38378906 0.62597656 0.21447754
0.38378906 0.62597656 0.21447754 0.23278809
0.62597656 0.21447754 0.23278809 0.78930664
0.21447754 0.23278809 0.78930664 0.09924316
0.23278809 0.78930664 0.09924316 0.43664551
0.78930664 0.09924316 0.43664551 0.11938477
0.09924316 0.43664551 0.11938477 0.14892578
0.43664551 0.11938477 0.14892578 0.66015625
0.11938477 0.14892578 0.66015625 0.12011719
0.14892578 0.66015625 0.12011719 0.21118164
0.66015625 0.12011719 0.21118164 0.95251465
0.12011719 0.21118164 0.95251465 0.97351074
0.21118164 0.95251465 0.97351074 0.75842285
0.95251465 0.97351074 0.75842285 0.47375488
0.97351074 0.75842285 0.47375488 0.27404785
0.75842285 0.47375488 0.27404785 0.29687500
0.47375488 0.27404785 0.29687500 0.23742676
0.27404785 0.29687500 0.23742676 0.18371582
0.29687500 0.23742676 0.18371582 0.61767578
0.23742676 0.18371582 0.61767578 0.50878906
0.18371582 0.61767578 0.50878906 0.25231934
0.61767578 0.50878906 0.25231934 0.44970703
0.50878906 0.25231934 0.44970703 0.22973633
0.25231934 0.44970703 0.22973633 0.52990723
0.44970703 0.22973633 0.52990723 0.04760742
0.22973633 0.52990723 0.04760742 0.04711914
0.52990723 0.04760742 0.04711914 0.00561523
0.04760742 0.04711914 0.00561523 0.47729492
0.04711914 0.00561523 0.47729492 0.57495117
0.00561523 0.47729492 0.57495117 0.87670898
0.47729492 0.57495117 0.87670898 0.52929688
0.57495117 0.87670898 0.52929688 0.99560547
0.87670898 0.52929688 0.99560547 0.63671875
0.52929688 0.99560547 0.63671875 0.12768555
0.99560547 0.63671875 0.12768555 0.85449219
0.63671875 0.12768555 0.85449219 0.64062500
0.12768555 0.85449219 0.64062500 0.45971680
0.85449219 0.64062500 0.45971680 0.08068848
0.64062500 0.45971680 0.08068848 0.85925293
0.45971680 0.08068848 0.85925293 0.04541016
0.08068848 0.85925293 0.04541016 0.86022949
0.85925293 0.04541016 0.86022949 0.12841797
0.04541016 0.86022949 0.12841797 0.91674805
0.86022949 0.12841797 0.91674805 0.93298340
0.12841797 0.91674805 0.93298340 0.31323242
0.91674805 0.93298340 0.31323242 0.62792969
0.93298340 0.31323242 0.62792969 0.38049316
0.31323242 0.62792969 0.38049316 0.34582520
0.62792969 0.38049316 0.34582520 0.39868164
0.38049316 0.34582520 0.39868164 0.89196777
0.34582520 0.39868164 0.89196777 0.82641602
0.39868164 0.89196777 0.82641602 0.25390625
0.89196777 0.82641602 0.25390625 0.58459473
0.82641602 0.25390625 0.58459473 0.69653320
0.25390625 0.58459473 0.69653320 0.21252441
0.58459473 0.69653320 0.21252441 0.06677246
0.69653320 0.21252441 0.06677246 0.67626953
0.21252441 0.06677246 0.67626953 0.48986816
0.06677246 0.67626953 0.48986816 0.64379883
0.67626953 0.48986816 0.64379883 0.72949219
0.48986816 0.64379883 0.72949219 0.01440430
0.64379883 0.72949219 0.01440430 0.22448730
0.72949219 0.01440430 0.22448730 0.08374023
0.01440430 0.22448730 0.08374023 0.11877441
0.22448730 0.08374023 0.11877441 0.09704590
0.08374023 0.11877441 0.09704590 0.24987793
0.11877441 0.09704590 0.24987793 0.24218750
0.09704590 0.24987793 0.24218750 0.58837891
0.24987793 0.24218750 0.58837891 0.01831055
0.24218750 0.58837891 0.01831055 0.55651855
0.58837891 0.01831055 0.55651855 0.30981445
0.01831055 0.55651855 0.30981445 0.33740234
0.55651855 0.30981445 0.33740234 0.68261719
0.30981445 0.33740234 0.68261719 0.02954102
0.33740234 0.68261719 0.02954102 0.51123047
0.68261719 0.02954102 0.51123047 0.45983887
0.02954102 0.51123047 0.45983887 0.09106445
0.51123047 0.45983887 0.09106445 0.74133301
0.45983887 0.09106445 0.74133301 0.02099609
0.09106445 0.74133301 0.02099609 0.78479004
0.74133301 0.02099609 0.78479004 0.71520996
0.02099609 0.78479004 0.71520996 0.80017090
0.78479004 0.71520996 0.80017090 0.02282715
0.71520996 0.80017090 0.02282715 0.94042969
0.80017090 0.02282715 0.94042969 0.94616699
0.02282715 0.94042969 0.94616699 0.43395996
0.94042969 0.94616699 0.43395996 0.89099121
0.94616699 0.43395996 0.89099121 0.74340820
0.43395996 0.89099121 0.74340820 0.19738770
0.89099121 0.74340820 0.19738770 0.77990723
0.74340820 0.19738770 0.77990723 0.30017090
0.19738770 0.77990723 0.30017090 0.51757812
0.77990723 0.30017090 0.51757812 0.99938965
0.30017090 0.51757812 0.99938965 0.95837402
0.51757812 0.99938965 0.95837402 0.47167969
0.99938965 0.95837402 0.47167969 0.09765625
0.95837402 0.47167969 0.09765625 0.30175781
0.47167969 0.09765625 0.30175781 0.65246582
0.09765625 0.30175781 0.65246582 0.46630859
0.30175781 0.65246582 0.46630859 0.64099121
0.65246582 0.46630859 0.64099121 0.49084473
0.46630859 0.64099121 0.49084473 0.72680664
0.64099121 0.49084473 0.72680664 0.78601074
0.49084473 0.72680664 0.78601074 0.81896973
0.72680664 0.78601074 0.81896973 0.62084961
0.78601074 0.81896973 0.62084961 0.77856445
0.81896973 0.62084961 0.77856445 0.18603516
0.62084961 0.77856445 0.18603516 0.81481934
0.77856445 0.18603516 0.81481934 0.26806641
0.18603516 0.81481934 0.26806641 0.78833008
0.81481934 0.26806641 0.78833008 0.01623535
0.26806641 0.78833008 0.01623535 0.38012695
0.78833008 0.01623535 0.38012695 0.31469727
0.01623535 0.38012695 0.31469727 0.75244141
0.38012695 0.31469727 0.75244141 0.96520996
0.31469727 0.75244141 0.96520996 0.05285645
0.75244141 0.96520996 0.05285645 0.49328613
0.96520996 0.05285645 0.49328613 0.93432617
0.05285645 0.49328613 0.93432617 0.42736816
0.49328613 0.93432617 0.42736816 0.33068848
0.93432617 0.42736816 0.33068848 0.11193848
0.42736816 0.33068848 0.11193848 0.51586914
0.33068848 0.11193848 0.51586914 0.85412598
0.11193848 0.51586914 0.85412598 0.60949707
0.51586914 0.85412598 0.60949707 0.81347656
0.85412598 0.60949707 0.81347656 0.15393066
0.60949707 0.81347656 0.15393066 0.08569336
0.81347656 0.15393066 0.08569336 0.28479004
0.15393066 0.08569336 0.28479004 0.21008301
0.08569336 0.28479004 0.21008301 0.85913086
0.28479004 0.21008301 0.85913086 0.03503418
0.21008301 0.85913086 0.03503418 0.97814941
0.85913086 0.03503418 0.97814941 0.15283203
0.03503418 0.97814941 0.15283203 0.99218750
0.97814941 0.15283203 0.99218750 0.34619141
0.15283203 0.99218750 0.34619141 0.42980957
0.99218750 0.34619141 0.42980957 0.53820801
0.34619141 0.42980957 0.53820801 0.75317383
0.42980957 0.53820801 0.75317383 0.02758789
0.53820801 0.75317383 0.02758789 0.34521484
0.75317383 0.02758789 0.34521484 0.34680176
0.02758789 0.34521484 0.34680176 0.48168945
0.34521484 0.34680176 0.48168945 0.94848633
0.34680176 0.48168945 0.94848633 0.63110352
0.48168945 0.94848633 0.63110352 0.65026855
0.94848633 0.63110352 0.65026855 0.27954102
0.63110352 0.65026855 0.27954102 0.76379395
0.65026855 0.27954102 0.76379395 0.93029785
0.27954102 0.76379395 0.93029785 0.08496094
0.76379395 0.93029785 0.08496094 0.22253418
0.93029785 0.08496094 0.22253418 0.91760254
0.08496094 0.22253418 0.91760254 0.00573730
0.22253418 0.91760254 0.00573730 0.48767090
0.91760254 0.00573730 0.48767090 0.45703125
0.00573730 0.48767090 0.45703125 0.85229492
0.48767090 0.45703125 0.85229492 0.45385742
0.45703125 0.85229492 0.45385742 0.58251953
0.85229492 0.45385742 0.58251953 0.52014160
0.45385742 0.58251953 0.52014160 0.21740723
0.58251953 0.52014160 0.21740723 0.48181152
0.52014160 0.21740723 0.48181152 0.95886230
0.21740723 0.48181152 0.95886230 0.51318359
0.48181152 0.95886230 0.51318359 0.62585449
0.95886230 0.51318359 0.62585449 0.20410156
0.51318359 0.62585449 0.20410156 0.35070801
0.62585449 0.20410156 0.35070801 0.81372070
0.20410156 0.35070801 0.81372070 0.17468262
0.35070801 0.81372070 0.17468262 0.84973145
0.81372070 0.17468262 0.84973145 0.23596191
0.17468262 0.84973145 0.23596191 0.05920410
0.84973145 0.23596191 0.05920410 0.03295898
0.23596191 0.05920410 0.03295898 0.80175781
0.05920410 0.03295898 0.80175781 0.15771484
0.03295898 0.80175781 0.15771484 0.40734863
0.80175781 0.15771484 0.40734863 0.62878418
0.15771484 0.40734863 0.62878418 0.45312500
0.40734863 0.62878418 0.45312500 0.52026367
0.62878418 0.45312500 0.52026367 0.22778320
0.45312500 0.52026367 0.22778320 0.36389160
0.52026367 0.22778320 0.36389160 0.93444824
0.22778320 0.36389160 0.93444824 0.43774414
0.36389160 0.93444824 0.43774414 0.21276855
0.93444824 0.43774414 0.21276855 0.08752441
0.43774414 0.21276855 0.08752441 0.44042969
0.21276855 0.08752441 0.44042969 0.44104004
0.08752441 0.44042969 0.44104004 0.49291992
0.44042969 0.44104004 0.49291992 0.90319824
0.44104004 0.49291992 0.90319824 0.78112793
0.49291992 0.90319824 0.78112793 0.40393066
0.90319824 0.78112793 0.40393066 0.33825684
0.78112793 0.40393066 0.33825684 0.75524902
0.40393066 0.33825684 0.75524902 0.20397949
0.33825684 0.75524902 0.20397949 0.34033203
0.75524902 0.20397949 0.34033203 0.93164062
0.20397949 0.34033203 0.93164062 0.19909668
0.34033203 0.93164062 0.19909668 0.92517090
0.93164062 0.19909668 0.92517090 0.64904785
0.19909668 0.92517090 0.64904785 0.17578125
0.92517090 0.64904785 0.17578125 0.94311523
0.64904785 0.17578125 0.94311523 0.17456055
0.17578125 0.94311523 0.17456055 0.83935547
0.94311523 0.17456055 0.83935547 0.35388184
0.17456055 0.83935547 0.35388184 0.08361816
0.83935547 0.35388184 0.08361816 0.10839844
0.35388184 0.08361816 0.10839844 0.21496582
0.08361816 0.10839844 0.21496582 0.27429199
0.10839844 0.21496582 0.27429199 0.31762695
0.21496582 0.27429199 0.31762695 0.00158691
0.27429199 0.31762695 0.00158691 0.13488770
0.31762695 0.00158691 0.13488770 0.46679688
0.00158691 0.13488770 0.46679688 0.68249512
0.13488770 0.46679688 0.68249512 0.01916504
0.46679688 0.68249512 0.01916504 0.62915039
0.68249512 0.01916504 0.62915039 0.48425293
0.01916504 0.62915039 0.48425293 0.16650391
0.62915039 0.48425293 0.16650391 0.15454102
0.48425293 0.16650391 0.15454102 0.13757324
0.16650391 0.15454102 0.13757324 0.69506836
0.15454102 0.13757324 0.69506836 0.08801270
0.13757324 0.69506836 0.08801270 0.48193359
0.69506836 0.08801270 0.48193359 0.96923828
0.08801270 0.48193359 0.96923828 0.39526367
0.48193359 0.96923828 0.39526367 0.60144043
0.96923828 0.39526367 0.60144043 0.12866211
0.39526367 0.60144043 0.12866211 0.93750000
0.60144043 0.12866211 0.93750000 0.69714355
0.12866211 0.93750000 0.69714355 0.26440430
0.93750000 0.69714355 0.26440430 0.47705078
0.69714355 0.26440430 0.47705078 0.55419922
0.26440430 0.47705078 0.55419922 0.11267090
0.47705078 0.55419922 0.11267090 0.57812500
0.55419922 0.11267090 0.57812500 0.14660645
0.11267090 0.57812500 0.14660645 0.46301270
0.57812500 0.14660645 0.46301270 0.36083984
0.14660645 0.46301270 0.36083984 0.67504883
0.46301270 0.36083984 0.67504883 0.38610840
0.36083984 0.67504883 0.38610840 0.82312012
0.67504883 0.38610840 0.82312012 0.97363281
0.38610840 0.82312012 0.97363281 0.76879883
0.82312012 0.97363281 0.76879883 0.35583496
0.97363281 0.76879883 0.35583496 0.24963379
0.76879883 0.35583496 0.24963379 0.22143555
0.35583496 0.24963379 0.22143555 0.82421875
0.24963379 0.22143555 0.82421875 0.06713867
0.22143555 0.82421875 0.06713867 0.70739746
0.82421875 0.06713867 0.70739746 0.13610840
0.06713867 0.70739746 0.13610840 0.57055664
0.70739746 0.13610840 0.57055664 0.50317383
0.13610840 0.57055664 0.50317383 0.77490234
0.57055664 0.50317383 0.77490234 0.87463379
0.50317383 0.77490234 0.87463379 0.35290527
0.77490234 0.87463379 0.35290527 0.00061035
0.87463379 0.35290527 0.00061035 0.05187988
0.35290527 0.00061035 0.05187988 0.41027832
0.00061035 0.05187988 0.41027832 0.87780762
0.05187988 0.41027832 0.87780762 0.62268066
0.41027832 0.87780762 0.62268066 0.93420410
0.87780762 0.62268066 0.93420410 0.41699219
0.62268066 0.93420410 0.41699219 0.44860840
0.93420410 0.41699219 0.44860840 0.13635254
0.41699219 0.44860840 0.13635254 0.59130859
0.44860840 0.13635254 0.59130859 0.26733398
0.13635254 0.59130859 0.26733398 0.72607422
0.59130859 0.26733398 0.72607422 0.72375488
0.26733398 0.72607422 0.72375488 0.52661133
0.72607422 0.72375488 0.52661133 0.76733398
0.72375488 0.52661133 0.76733398 0.23132324
0.52661133 0.76733398 0.23132324 0.66479492
0.76733398 0.23132324 0.66479492 0.51440430
0.23132324 0.66479492 0.51440430 0.72961426
0.66479492 0.51440430 0.72961426 0.02478027
0.51440430 0.72961426 0.02478027 0.10656738
0.72961426 0.02478027 0.10656738 0.05932617
0.02478027 0.10656738 0.05932617 0.04333496
0.10656738 0.05932617 0.04333496 0.68383789
0.05932617 0.04333496 0.68383789 0.13330078
0.04333496 0.68383789 0.13330078 0.33190918
0.68383789 0.13330078 0.33190918 0.21569824
0.13330078 0.33190918 0.21569824 0.33654785
0.33190918 0.21569824 0.33654785 0.60998535
0.21569824 0.33654785 0.60998535 0.85498047
0.33654785 0.60998535 0.85498047 0.68212891
0.60998535 0.85498047 0.68212891 0.98791504
0.85498047 0.68212891 0.98791504 0.98291016
0.68212891 0.98791504 0.98291016 0.55749512
0.98791504 0.98291016 0.55749512 0.39282227
0.98291016 0.55749512 0.39282227 0.39392090
0.55749512 0.39282227 0.39392090 0.48730469
0.39282227 0.39392090 0.48730469 0.42590332
0.39392090 0.48730469 0.42590332 0.20617676
0.48730469 0.42590332 0.20617676 0.52709961
0.42590332 0.20617676 0.52709961 0.80883789
0.20617676 0.52709961 0.80883789 0.75952148
0.52709961 0.80883789 0.75952148 0.56713867
0.80883789 0.75952148 0.56713867 0.21264648
0.75952148 0.56713867 0.21264648 0.07714844
0.56713867 0.21264648 0.07714844 0.55834961
0.21264648 0.07714844 0.55834961 0.46545410
0.07714844 0.55834961 0.46545410 0.56835938
0.55834961 0.46545410 0.56835938 0.31640625
0.46545410 0.56835938 0.31640625 0.89770508
0.56835938 0.31640625 0.89770508 0.31420898
0.31640625 0.89770508 0.31420898 0.71093750
0.89770508 0.31420898 0.71093750 0.43701172
0.31420898 0.71093750 0.43701172 0.15051270
0.71093750 0.43701172 0.15051270 0.79504395
0.43701172 0.15051270 0.79504395 0.58691406
0.15051270 0.79504395 0.58691406 0.89367676
0.79504395 0.58691406 0.89367676 0.97167969
0.58691406 0.89367676 0.97167969 0.60278320
0.89367676 0.97167969 0.60278320 0.24279785
0.97167969 0.60278320 0.24279785 0.64025879
0.60278320 0.24279785 0.64025879 0.42858887
0.24279785 0.64025879 0.42858887 0.43444824
0.64025879 0.42858887 0.43444824 0.93249512
0.42858887 0.43444824 0.93249512 0.27172852
0.43444824 0.93249512 0.27172852 0.09973145
0.93249512 0.27172852 0.09973145 0.47814941
0.27172852 0.09973145 0.47814941 0.64758301
0.09973145 0.47814941 0.64758301 0.05126953
0.47814941 0.64758301 0.05126953 0.35839844
0.64758301 0.05126953 0.35839844 0.46752930
0.05126953 0.35839844 0.46752930 0.74475098
0.35839844 0.46752930 0.74475098 0.31152344
0.46752930 0.74475098 0.31152344 0.48266602
0.74475098 0.31152344 0.48266602 0.03161621
0.31152344 0.48266602 0.03161621 0.68762207
0.48266602 0.03161621 0.68762207 0.45495605
0.03161621 0.68762207 0.45495605 0.67590332
0.68762207 0.45495605 0.67590332 0.45874023
0.45495605 0.67590332 0.45874023 0.99755859
0.67590332 0.45874023 0.99755859 0.80273438
0.45874023 0.99755859 0.80273438 0.24072266
0.99755859 0.80273438 0.24072266 0.46386719
0.80273438 0.24072266 0.46386719 0.43347168
0.24072266 0.46386719 0.43347168 0.84948730
0.46386719 0.43347168 0.84948730 0.21520996
0.43347168 0.84948730 0.21520996 0.29504395
0.84948730 0.21520996 0.29504395 0.08178711
0.21520996 0.29504395 0.08178711 0.95263672
0.29504395 0.08178711 0.95263672 0.98388672
0.08178711 0.95263672 0.98388672 0.64050293
0.95263672 0.98388672 0.64050293 0.44934082
0.98388672 0.64050293 0.44934082 0.19860840
0.64050293 0.44934082 0.19860840 0.88366699
0.44934082 0.19860840 0.88366699 0.12084961
0.19860840 0.88366699 0.12084961 0.27343750
0.88366699 0.12084961 0.27343750 0.24499512
0.12084961 0.27343750 0.24499512 0.82702637
0.27343750 0.24499512 0.82702637 0.30578613
0.24499512 0.82702637 0.30578613 0.99487305
0.82702637 0.30578613 0.99487305 0.57446289
0.30578613 0.99487305 0.57446289 0.83520508
0.99487305 0.57446289 0.83520508 0.00109863
0.57446289 0.83520508 0.00109863 0.09338379
0.83520508 0.00109863 0.09338379 0.93847656
0.00109863 0.09338379 0.93847656 0.78015137
0.09338379 0.93847656 0.78015137 0.32092285
0.93847656 0.78015137 0.32092285 0.28173828
0.78015137 0.32092285 0.28173828 0.95056152
0.32092285 0.28173828 0.95056152 0.80749512
0.28173828 0.95056152 0.80749512 0.64538574
0.95056152 0.80749512 0.64538574 0.86437988
0.80749512 0.64538574 0.86437988 0.48120117
0.64538574 0.86437988 0.48120117 0.90698242
0.86437988 0.48120117 0.90698242 0.10290527
0.48120117 0.90698242 0.10290527 0.74792480
0.90698242 0.10290527 0.74792480 0.58129883
0.10290527 0.74792480 0.58129883 0.41638184
0.74792480 0.58129883 0.41638184 0.39672852
0.58129883 0.41638184 0.39672852 0.72595215
0.41638184 0.39672852 0.72595215 0.71337891
0.39672852 0.72595215 0.71337891 0.64453125
0.72595215 0.71337891 0.64453125 0.79174805
0.71337891 0.64453125 0.79174805 0.30676270
0.64453125 0.79174805 0.30676270 0.07800293
0.79174805 0.30676270 0.07800293 0.63098145
0.30676270 0.07800293 0.63098145 0.63989258
0.07800293 0.63098145 0.63989258 0.39746094
0.63098145 0.63989258 0.39746094 0.78820801
0.63989258 0.39746094 0.78820801 0.00585938
0.39746094 0.78820801 0.00585938 0.49804688
0.78820801 0.00585938 0.49804688 0.33911133
0.00585938 0.49804688 0.33911133 0.82788086
0.49804688 0.33911133 0.82788086 0.37841797
0.33911133 0.82788086 0.37841797 0.16943359
0.82788086 0.37841797 0.16943359 0.40356445
0.37841797 0.16943359 0.40356445 0.30712891
0.16943359 0.40356445 0.30712891 0.10913086
0.40356445 0.30712891 0.10913086 0.27722168
0.30712891 0.10913086 0.27722168 0.56665039
0.10913086 0.27722168 0.56665039 0.17114258
0.27722168 0.56665039 0.17114258 0.54882812
0.56665039 0.17114258 0.54882812 0.65600586
0.17114258 0.54882812 0.65600586 0.76721191
0.54882812 0.65600586 0.76721191 0.22094727
0.65600586 0.76721191 0.22094727 0.78271484
0.76721191 0.22094727 0.78271484 0.53881836
0.22094727 0.78271484 0.53881836 0.80505371
0.78271484 0.53881836 0.80505371 0.43786621
0.53881836 0.80505371 0.43786621 0.22314453
0.80505371 0.43786621 0.22314453 0.96948242
0.43786621 0.22314453 0.96948242 0.41601562
0.22314453 0.96948242 0.41601562 0.36560059
0.96948242 0.41601562 0.36560059 0.07983398
0.41601562 0.36560059 0.07983398 0.78662109
0.36560059 0.07983398 0.78662109 0.87084961
0.07983398 0.78662109 0.87084961 0.03125000
0.78662109 0.87084961 0.03125000 0.65649414
0.87084961 0.03125000 0.65649414 0.80871582
0.03125000 0.65649414 0.80871582 0.74914551
0.65649414 0.80871582 0.74914551 0.68505859
0.80871582 0.74914551 0.68505859 0.23706055
0.74914551 0.68505859 0.23706055 0.15258789
0.68505859 0.23706055 0.15258789 0.97143555
0.23706055 0.15258789 0.97143555 0.58203125
0.15258789 0.97143555 0.58203125 0.47863770
0.97143555 0.58203125 0.47863770 0.68908691
0.58203125 0.47863770 0.68908691 0.57946777
0.47863770 0.68908691 0.57946777 0.26074219
0.68908691 0.57946777 0.26074219 0.16577148
0.57946777 0.26074219 0.16577148 0.09228516
0.26074219 0.16577148 0.09228516 0.84509277
0.16577148 0.09228516 0.84509277 0.84155273
0.09228516 0.84509277 0.84155273 0.54064941
0.84509277 0.84155273 0.54064941 0.96069336
0.84155273 0.54064941 0.96069336 0.66882324
0.54064941 0.96069336 0.66882324 0.85681152
0.96069336 0.66882324 0.85681152 0.83776855
0.66882324 0.85681152 0.83776855 0.21899414
0.85681152 0.83776855 0.21899414 0.61669922
0.83776855 0.21899414 0.61669922 0.42578125
0.21899414 0.61669922 0.42578125 0.19580078
0.61669922 0.42578125 0.19580078 0.64501953
0.42578125 0.19580078 0.64501953 0.83325195
0.19580078 0.64501953 0.83325195 0.83496094
0.64501953 0.83325195 0.83496094 0.98022461
0.83325195 0.83496094 0.98022461 0.32922363
0.83496094 0.98022461 0.32922363 0.98730469
0.98022461 0.32922363 0.98730469 0.93103027
0.32922363 0.98730469 0.93103027 0.14721680
0.98730469 0.93103027 0.14721680 0.51489258
0.93103027 0.14721680 0.51489258 0.77111816
0.14721680 0.51489258 0.77111816 0.55297852
0.51489258 0.77111816 0.55297852 0.00891113
0.77111816 0.55297852 0.00891113 0.75744629
0.55297852 0.00891113 0.75744629 0.39074707
0.00891113 0.75744629 0.39074707 0.21752930
0.75744629 0.39074707 0.21752930 0.49218750
0.39074707 0.21752930 0.49218750 0.84094238
0.21752930 0.49218750 0.84094238 0.48876953
0.49218750 0.84094238 0.48876953 0.55041504
0.84094238 0.48876953 0.55041504 0.79089355
0.48876953 0.55041504 0.79089355 0.23413086
0.55041504 0.79089355 0.23413086 0.90344238
0.79089355 0.23413086 0.90344238 0.80187988
0.23413086 0.90344238 0.80187988 0.16809082
0.90344238 0.80187988 0.16809082 0.28942871
0.80187988 0.16809082 0.28942871 0.60437012
0.16809082 0.28942871 0.60437012 0.37768555
0.28942871 0.60437012 0.37768555 0.10717773
0.60437012 0.37768555 0.10717773 0.11120605
0.37768555 0.10717773 0.11120605 0.45361328
0.10717773 0.11120605 0.45361328 0.56176758
0.11120605 0.45361328 0.56176758 0.75598145
0.45361328 0.56176758 0.75598145 0.26623535
0.56176758 0.75598145 0.26623535 0.63269043
0.75598145 0.26623535 0.63269043 0.78515625
0.26623535 0.63269043 0.78515625 0.74633789
0.63269043 0.78515625 0.74633789 0.44641113
0.78515625 0.74633789 0.44641113 0.94946289
0.74633789 0.44641113 0.94946289 0.71411133
0.44641113 0.94946289 0.71411133 0.70678711
0.94946289 0.71411133 0.70678711 0.08422852
0.71411133 0.70678711 0.08422852 0.16027832
0.70678711 0.08422852 0.16027832 0.62524414
0.08422852 0.16027832 0.62524414 0.15222168
0.16027832 0.62524414 0.15222168 0.94030762
0.62524414 0.15222168 0.94030762 0.93579102
0.15222168 0.94030762 0.93579102 0.55187988
0.94030762 0.93579102 0.55187988 0.91540527
0.93579102 0.55187988 0.91540527 0.81884766
0.55187988 0.91540527 0.81884766 0.61047363
0.91540527 0.81884766 0.61047363 0.89648438
0.81884766 0.61047363 0.89648438 0.21044922
0.61047363 0.89648438 0.21044922 0.89025879
0.89648438 0.21044922 0.89025879 0.68115234
0.21044922 0.89025879 0.68115234 0.90490723
0.89025879 0.68115234 0.90490723 0.92639160
0.68115234 0.90490723 0.92639160 0.75280762
0.90490723 0.92639160 0.75280762 0.99633789
0.92639160 0.75280762 0.99633789 0.69897461
0.75280762 0.99633789 0.69897461 0.42004395
0.99633789 0.69897461 0.42004395 0.70800781
0.69897461 0.42004395 0.70800781 0.18798828
0.42004395 0.70800781 0.18798828 0.98083496
0.70800781 0.18798828 0.98083496 0.38110352
0.18798828 0.98083496 0.38110352 0.39770508
0.98083496 0.38110352 0.39770508 0.80895996
0.38110352 0.39770508 0.80895996 0.76989746
0.39770508 0.80895996 0.76989746 0.44921875
0.80895996 0.76989746 0.44921875 0.18823242
0.76989746 0.44921875 0.18823242 0.00170898
0.44921875 0.18823242 0.00170898 0.14526367
0.18823242 0.00170898 0.14526367 0.34887695
0.00170898 0.14526367 0.34887695 0.65808105
0.14526367 0.34887695 0.65808105 0.94360352
0.34887695 0.65808105 0.94360352 0.21606445
0.65808105 0.94360352 0.21606445 0.36767578
0.94360352 0.21606445 0.36767578 0.25622559
0.21606445 0.36767578 0.25622559 0.78173828
0.36767578 0.25622559 0.78173828 0.45581055
0.25622559 0.78173828 0.45581055 0.74853516
0.78173828 0.45581055 0.74853516 0.63317871
0.45581055 0.74853516 0.63317871 0.82666016
0.74853516 0.63317871 0.82666016 0.27465820
0.63317871 0.82666016 0.27465820 0.34875488
0.82666016 0.27465820 0.34875488 0.64770508
0.27465820 0.34875488 0.64770508 0.06164551
0.34875488 0.64770508 0.06164551 0.24047852
0.64770508 0.06164551 0.24047852 0.44311523
0.06164551 0.24047852 0.44311523 0.66931152
0.24047852 0.44311523 0.66931152 0.89831543
0.44311523 0.66931152 0.89831543 0.36608887
0.66931152 0.89831543 0.36608887 0.12133789
0.89831543 0.36608887 0.12133789 0.31494141
0.36608887 0.12133789 0.31494141 0.77319336
0.12133789 0.31494141 0.77319336 0.72937012
0.31494141 0.77319336 0.72937012 0.00402832
0.77319336 0.72937012 0.00402832 0.34240723
0.72937012 0.00402832 0.34240723 0.10815430
0.00402832 0.34240723 0.10815430 0.19421387
0.34240723 0.10815430 0.19421387 0.51013184
0.10815430 0.19421387 0.51013184 0.36645508
0.19421387 0.51013184 0.36645508 0.15246582
0.51013184 0.36645508 0.15246582 0.96105957
0.36645508 0.15246582 0.96105957 0.69995117
0.15246582 0.96105957 0.69995117 0.50305176
0.96105957 0.69995117 0.50305176 0.76452637
0.69995117 0.50305176 0.76452637 0.99255371
0.50305176 0.76452637 0.99255371 0.37731934
0.76452637 0.99255371 0.37731934 0.07604980
0.99255371 0.37731934 0.07604980 0.46496582
0.37731934 0.07604980 0.46496582 0.52685547
0.07604980 0.46496582 0.52685547 0.78808594
0.46496582 0.52685547 0.78808594 0.99536133
0.52685547 0.78808594 0.99536133 0.61596680
0.78808594 0.99536133 0.61596680 0.36352539
0.99536133 0.61596680 0.36352539 0.90332031
0.61596680 0.36352539 0.90332031 0.79150391
0.36352539 0.90332031 0.79150391 0.28601074
0.90332031 0.79150391 0.28601074 0.31384277
0.79150391 0.28601074 0.31384277 0.67980957
0.28601074 0.31384277 0.67980957 0.79077148
0.31384277 0.67980957 0.79077148 0.22375488
0.67980957 0.79077148 0.22375488 0.02148438
0.79077148 0.22375488 0.02148438 0.82629395
0.22375488 0.02148438 0.82629395 0.24353027
0.02148438 0.82629395 0.24353027 0.70251465
0.82629395 0.24353027 0.70251465 0.72094727
0.24353027 0.70251465 0.72094727 0.28796387
0.70251465 0.72094727 0.28796387 0.47985840
0.72094727 0.28796387 0.47985840 0.79284668
0.28796387 0.47985840 0.79284668 0.40014648
0.47985840 0.79284668 0.40014648 0.01660156
0.79284668 0.40014648 0.01660156 0.41125488
0.40014648 0.01660156 0.41125488 0.96081543
0.01660156 0.41125488 0.96081543 0.67919922
0.41125488 0.96081543 0.67919922 0.73889160
0.96081543 0.67919922 0.73889160 0.81335449
0.67919922 0.73889160 0.81335449 0.14355469
0.73889160 0.81335449 0.14355469 0.20361328
0.81335449 0.14355469 0.20361328 0.30920410
0.14355469 0.20361328 0.30920410 0.28552246
0.20361328 0.30920410 0.28552246 0.27233887
0.30920410 0.28552246 0.27233887 0.15161133
0.28552246 0.27233887 0.15161133 0.88842773
0.27233887 0.15161133 0.88842773 0.52551270
0.15161133 0.88842773 0.52551270 0.67395020
0.88842773 0.52551270 0.67395020 0.29272461
0.52551270 0.67395020 0.29272461 0.88452148
0.67395020 0.29272461 0.88452148 0.19348145
0.29272461 0.88452148 0.19348145 0.44787598
0.88452148 0.19348145 0.44787598 0.07409668
0.19348145 0.44787598 0.07409668 0.29895020
0.44787598 0.07409668 0.29895020 0.41381836
0.07409668 0.29895020 0.41381836 0.17883301
0.29895020 0.41381836 0.17883301 0.20263672
0.41381836 0.17883301 0.20263672 0.22619629
0.17883301 0.20263672 0.22619629 0.22900391
0.20263672 0.22619629 0.22900391 0.46765137
0.22619629 0.22900391 0.46765137 0.75512695
0.22900391 0.46765137 0.75512695 0.19360352
0.46765137 0.75512695 0.19360352 0.45825195
0.75512695 0.19360352 0.45825195 0.95605469
0.19360352 0.45825195 0.95605469 0.27453613
0.45825195 0.95605469 0.27453613 0.33837891
0.95605469 0.27453613 0.33837891 0.76562500
0.27453613 0.33837891 0.76562500 0.08605957
0.33837891 0.76562500 0.08605957 0.31591797
0.76562500 0.08605957 0.31591797 0.85620117
0.08605957 0.31591797 0.85620117 0.78588867
0.31591797 0.85620117 0.78588867 0.80859375
0.85620117 0.78588867 0.80859375 0.73876953
0.78588867 0.80859375 0.73876953 0.80297852
0.80859375 0.73876953 0.80297852 0.26147461
0.73876953 0.80297852 0.26147461 0.22802734
0.80297852 0.26147461 0.22802734 0.38464355
0.26147461 0.22802734 0.38464355 0.69860840
0.22802734 0.38464355 0.69860840 0.38891602
0.38464355 0.69860840 0.38891602 0.06188965
0.69860840 0.38891602 0.06188965 0.26123047
0.38891602 0.06188965 0.26123047 0.20727539
0.06188965 0.26123047 0.20727539 0.62048340
0.26123047 0.20727539 0.62048340 0.74743652
0.20727539 0.62048340 0.74743652 0.53979492
0.62048340 0.74743652 0.53979492 0.88806152
0.74743652 0.53979492 0.88806152 0.49438477
0.53979492 0.88806152 0.49438477 0.02783203
0.88806152 0.49438477 0.02783203 0.36596680
0.49438477 0.02783203 0.36596680 0.11096191
0.02783203 0.36596680 0.11096191 0.43286133
0.36596680 0.11096191 0.43286133 0.79760742
0.11096191 0.43286133 0.79760742 0.80480957
0.43286133 0.79760742 0.80480957 0.41711426
0.79760742 0.80480957 0.41711426 0.45898438
0.80480957 0.41711426 0.45898438 0.01843262
0.41711426 0.45898438 0.01843262 0.56689453
0.45898438 0.01843262 0.56689453 0.19189453
0.01843262 0.56689453 0.19189453 0.31298828
0.56689453 0.19189453 0.31298828 0.60717773
0.19189453 0.31298828 0.60717773 0.61633301
0.31298828 0.60717773 0.61633301 0.39465332
0.60717773 0.61633301 0.39465332 0.54956055
0.61633301 0.39465332 0.54956055 0.71826172
0.39465332 0.54956055 0.71826172 0.05969238
0.54956055 0.71826172 0.05969238 0.07446289
0.71826172 0.05969238 0.07446289 0.33007812
0.05969238 0.07446289 0.33007812 0.06005859
0.07446289 0.33007812 0.06005859 0.10559082
0.33007812 0.06005859 0.10559082 0.97619629
0.06005859 0.10559082 0.97619629 0.98669434
0.10559082 0.97619629 0.98669434 0.87915039
0.97619629 0.98669434 0.87915039 0.73681641
0.98669434 0.87915039 0.73681641 0.63696289
0.87915039 0.73681641 0.63696289 0.14843750
0.73681641 0.63696289 0.14843750 0.61865234
0.63696289 0.14843750 0.61865234 0.59179688
0.14843750 0.61865234 0.59179688 0.30883789
0.61865234 0.59179688 0.30883789 0.25439453
0.59179688 0.30883789 0.25439453 0.62609863
0.30883789 0.25439453 0.62609863 0.22485352
0.25439453 0.62609863 0.22485352 0.11486816
0.62609863 0.22485352 0.11486816 0.76489258
0.22485352 0.11486816 0.76489258 0.02380371
0.11486816 0.76489258 0.02380371 0.02355957
0.76489258 0.02380371 0.02355957 0.00280762
0.02380371 0.02355957 0.00280762 0.23864746
0.02355957 0.00280762 0.23864746 0.28747559
0.00280762 0.23864746 0.28747559 0.43835449
0.23864746 0.28747559 0.43835449 0.26464844
0.28747559 0.43835449 0.26464844 0.49780273
0.43835449 0.26464844 0.49780273 0.31835938
0.26464844 0.49780273 0.31835938 0.06384277
0.49780273 0.31835938 0.06384277 0.42724609
0.31835938 0.06384277 0.42724609 0.32031250
0.06384277 0.42724609 0.32031250 0.22985840
0.42724609 0.32031250 0.22985840 0.54028320
0.32031250 0.22985840 0.54028320 0.92956543
0.22985840 0.54028320 0.92956543 0.02270508
0.54028320 0.92956543 0.02270508 0.93005371
0.92956543 0.02270508 0.93005371 0.06420898
0.02270508 0.93005371 0.06420898 0.45837402
0.93005371 0.06420898 0.45837402 0.96643066
0.06420898 0.45837402 0.96643066 0.15661621
0.45837402 0.96643066 0.15661621 0.31396484
0.96643066 0.15661621 0.31396484 0.69018555
0.15661621 0.31396484 0.69018555 0.67285156
0.31396484 0.69018555 0.67285156 0.19934082
0.69018555 0.67285156 0.19934082 0.94592285
0.67285156 0.19934082 0.94592285 0.41320801
0.19934082 0.94592285 0.41320801 0.12695312
0.94592285 0.41320801 0.12695312 0.79223633
0.41320801 0.12695312 0.79223633 0.34826660
0.12695312 0.79223633 0.34826660 0.60620117
0.79223633 0.34826660 0.60620117 0.53332520
0.34826660 0.60620117 0.53332520 0.33813477
0.60620117 0.53332520 0.33813477 0.74487305
0.53332520 0.33813477 0.74487305 0.32189941
0.33813477 0.74487305 0.32189941 0.36474609
0.74487305 0.32189941 0.36474609 0.00720215
0.32189941 0.36474609 0.00720215 0.61218262
0.36474609 0.00720215 0.61218262 0.04187012
0.00720215 0.61218262 0.04187012 0.55932617
0.61218262 0.04187012 0.55932617 0.54846191
0.04187012 0.55932617 0.54846191 0.62487793
0.55932617 0.54846191 0.62487793 0.12109375
0.54846191 0.62487793 0.12109375 0.29418945
0.62487793 0.12109375 0.29418945 0.00915527
0.12109375 0.29418945 0.00915527 0.77819824
0.29418945 0.00915527 0.77819824 0.15490723
0.00915527 0.77819824 0.15490723 0.16870117
0.77819824 0.15490723 0.16870117 0.34130859
0.15490723 0.16870117 0.34130859 0.01477051
0.16870117 0.34130859 0.01477051 0.25561523
0.34130859 0.01477051 0.25561523 0.72985840
0.01477051 0.25561523 0.72985840 0.04553223
0.25561523 0.72985840 0.04553223 0.87060547
0.72985840 0.04553223 0.87060547 0.01049805
0.04553223 0.87060547 0.01049805 0.89233398
0.87060547 0.01049805 0.89233398 0.85754395
0.01049805 0.89233398 0.85754395 0.90002441
0.89233398 0.85754395 0.90002441 0.51135254
0.85754395 0.90002441 0.51135254 0.47021484
0.90002441 0.51135254 0.47021484 0.97302246
0.51135254 0.47021484 0.97302246 0.71691895
0.47021484 0.97302246 0.71691895 0.94543457
0.97302246 0.71691895 0.94543457 0.37170410
0.71691895 0.94543457 0.37170410 0.59863281
0.94543457 0.37170410 0.59863281 0.88989258
0.37170410 0.59863281 0.88989258 0.65002441
0.59863281 0.88989258 0.65002441 0.25878906
0.88989258 0.65002441 0.25878906 0.99963379
0.65002441 0.25878906 0.99963379 0.97912598
0.25878906 0.99963379 0.97912598 0.23583984
0.99963379 0.97912598 0.23583984 0.04882812
0.97912598 0.23583984 0.04882812 0.15087891
0.23583984 0.04882812 0.15087891 0.82617188
0.04882812 0.15087891 0.82617188 0.23315430
0.15087891 0.82617188 0.23315430 0.82043457
0.82617188 0.23315430 0.82043457 0.74536133
0.23315430 0.82043457 0.74536133 0.36340332
0.82043457 0.74536133 0.36340332 0.89294434
0.74536133 0.36340332 0.89294434 0.90942383
0.36340332 0.89294434 0.90942383 0.31042480
0.89294434 0.90942383 0.31042480 0.38928223
0.90942383 0.31042480 0.38928223 0.09301758
0.31042480 0.38928223 0.09301758 0.90734863
0.38928223 0.09301758 0.90734863 0.13403320
0.09301758 0.90734863 0.13403320 0.39416504
0.90734863 0.13403320 0.39416504 0.50805664
0.13403320 0.39416504 0.50805664 0.19006348
0.39416504 0.50805664 0.19006348 0.15734863
0.50805664 0.19006348 0.15734863 0.37622070
0.19006348 0.15734863 0.37622070 0.98254395
0.15734863 0.37622070 0.98254395 0.52636719
0.37622070 0.98254395 0.52636719 0.74658203
0.98254395 0.52636719 0.74658203 0.46716309
0.52636719 0.74658203 0.46716309 0.71362305
0.74658203 0.46716309 0.71362305 0.66528320
0.46716309 0.71362305 0.66528320 0.55590820
0.71362305 0.66528320 0.55590820 0.25793457
0.66528320 0.55590820 0.25793457 0.92700195
0.55590820 0.25793457 0.92700195 0.80468750
0.25793457 0.92700195 0.80468750 0.40673828
0.92700195 0.80468750 0.40673828 0.57690430
0.80468750 0.40673828 0.57690430 0.04284668
0.40673828 0.57690430 0.04284668 0.64233398
0.57690430 0.04284668 0.64233398 0.60498047
0.04284668 0.64233398 0.60498047 0.42956543
0.64233398 0.60498047 0.42956543 0.51745605
0.60498047 0.42956543 0.51745605 0.98901367
0.42956543 0.51745605 0.98901367 0.07641602
0.51745605 0.98901367 0.07641602 0.49609375
0.98901367 0.07641602 0.49609375 0.17309570
0.07641602 0.49609375 0.17309570 0.71484375
0.49609375 0.17309570 0.71484375 0.76904297
0.17309570 0.71484375 0.76904297 0.37658691
0.71484375 0.76904297 0.37658691 0.01379395
0.76904297 0.37658691 0.01379395 0.17260742
0.37658691 0.01379395 0.17260742 0.67333984
0.01379395 0.17260742 0.67333984 0.24084473
0.17260742 0.67333984 0.24084473 0.47424316
0.67333984 0.24084473 0.47424316 0.31555176
0.24084473 0.47424316 0.31555176 0.82507324
0.47424316 0.31555176 0.82507324 0.13977051
0.31555176 0.82507324 0.13977051 0.88183594
0.82507324 0.13977051 0.88183594 0.96508789
0.13977051 0.88183594 0.96508789 0.04248047
0.88183594 0.96508789 0.04248047 0.61120605
0.96508789 0.04248047 0.61120605 0.95874023
0.04248047 0.61120605 0.95874023 0.50280762
0.61120605 0.95874023 0.50280762 0.74377441
0.95874023 0.50280762 0.74377441 0.22851562
0.50280762 0.74377441 0.22851562 0.42614746
0.74377441 0.22851562 0.42614746 0.22692871
0.22851562 0.42614746 0.22692871 0.29125977
0.42614746 0.22692871 0.29125977 0.76000977
0.22692871 0.29125977 0.76000977 0.60864258
0.29125977 0.76000977 0.60864258 0.74084473
0.76000977 0.60864258 0.74084473 0.97937012
0.60864258 0.74084473 0.97937012 0.25659180
0.74084473 0.97937012 0.25659180 0.81286621
0.97937012 0.25659180 0.81286621 0.10205078
0.25659180 0.81286621 0.10205078 0.67529297
0.81286621 0.10205078 0.67529297 0.40686035
0.10205078 0.67529297 0.40686035 0.58728027
0.67529297 0.40686035 0.58728027 0.92480469
0.40686035 0.58728027 0.92480469 0.61791992
0.58728027 0.92480469 0.61791992 0.52954102
0.92480469 0.61791992 0.52954102 0.01647949
0.61791992 0.52954102 0.01647949 0.40087891
0.52954102 0.01647949 0.40087891 0.07885742
0.01647949 0.40087891 0.07885742 0.70361328
0.40087891 0.07885742 0.70361328 0.81433105
0.07885742 0.70361328 0.81433105 0.22656250
0.70361328 0.81433105 0.22656250 0.26013184
0.81433105 0.22656250 0.26013184 0.11389160
0.22656250 0.26013184 0.11389160 0.68188477
0.26013184 0.11389160 0.68188477 0.96716309
0.11389160 0.68188477 0.96716309 0.21887207
0.68188477 0.96716309 0.21887207 0.60632324
0.96716309 0.21887207 0.60632324 0.54370117
0.21887207 0.60632324 0.54370117 0.22021484
0.60632324 0.54370117 0.22021484 0.72045898
0.54370117 0.22021484 0.72045898 0.24645996
0.22021484 0.72045898 0.24645996 0.95153809
0.72045898 0.24645996 0.95153809 0.89050293
0.24645996 0.95153809 0.89050293 0.70190430
0.95153809 0.89050293 0.70190430 0.66906738
0.89050293 0.70190430 0.66906738 0.87756348
0.70190430 0.66906738 0.87756348 0.60192871
0.66906738 0.87756348 0.60192871 0.17016602
0.87756348 0.60192871 0.17016602 0.46582031
0.60192871 0.17016602 0.46582031 0.59948730
0.17016602 0.46582031 0.59948730 0.96252441
0.46582031 0.59948730 0.96252441 0.82446289
0.59948730 0.96252441 0.82446289 0.08789062
0.96252441 0.82446289 0.08789062 0.47155762
0.82446289 0.08789062 0.47155762 0.08728027
0.08789062 0.47155762 0.08728027 0.41967773
0.47155762 0.08728027 0.41967773 0.67687988
0.08728027 0.41967773 0.67687988 0.54174805
0.41967773 0.67687988 0.54174805 0.05419922
0.67687988 0.54174805 0.05419922 0.60742188
0.54174805 0.05419922 0.60742188 0.63708496
0.05419922 0.60742188 0.63708496 0.15881348
0.60742188 0.63708496 0.15881348 0.50073242
0.63708496 0.15881348 0.50073242 0.56738281
0.15881348 0.50073242 0.56738281 0.23339844
0.50073242 0.56738281 0.23339844 0.84118652
0.56738281 0.23339844 0.84118652 0.50952148
0.23339844 0.84118652 0.50952148 0.31457520
0.84118652 0.50952148 0.31457520 0.74206543
0.50952148 0.31457520 0.74206543 0.08325195
0.31457520 0.74206543 0.08325195 0.07727051
0.74206543 0.08325195 0.07727051 0.56872559
0.08325195 0.07727051 0.56872559 0.34753418
0.07727051 0.56872559 0.34753418 0.54394531
0.56872559 0.34753418 0.54394531 0.24096680
0.34753418 0.54394531 0.24096680 0.48461914
0.54394531 0.24096680 0.48461914 0.19763184
0.24096680 0.48461914 0.19763184 0.80065918
0.48461914 0.19763184 0.80065918 0.06433105
0.19763184 0.80065918 0.06433105 0.46875000
0.80065918 0.06433105 0.46875000 0.84851074
0.06433105 0.46875000 0.84851074 0.13220215
0.46875000 0.84851074 0.13220215 0.23852539
0.84851074 0.13220215 0.23852539 0.27709961
0.13220215 0.23852539 0.27709961 0.55627441
0.23852539 0.27709961 0.55627441 0.28906250
0.27709961 0.55627441 0.28906250 0.57324219
0.55627441 0.28906250 0.57324219 0.73144531
0.28906250 0.57324219 0.73144531 0.18041992
0.57324219 0.73144531 0.18041992 0.33752441
0.73144531 0.18041992 0.33752441 0.69299316
0.18041992 0.33752441 0.69299316 0.91149902
0.33752441 0.69299316 0.91149902 0.48681641
0.69299316 0.91149902 0.48681641 0.38439941
0.91149902 0.48681641 0.38439941 0.67785645
0.48681641 0.38439941 0.67785645 0.62475586
0.38439941 0.67785645 0.62475586 0.11071777
0.67785645 0.62475586 0.11071777 0.41210938
0.62475586 0.11071777 0.41210938 0.03356934
0.11071777 0.41210938 0.03356934 0.85363770
0.41210938 0.03356934 0.85363770 0.56799316
0.03356934 0.85363770 0.56799316 0.28527832
0.85363770 0.56799316 0.28527832 0.25158691
0.56799316 0.28527832 0.25158691 0.38745117
0.28527832 0.25158691 0.38745117 0.93725586
0.25158691 0.38745117 0.93725586 0.67639160
0.38745117 0.93725586 0.67639160 0.50024414
0.93725586 0.67639160 0.50024414 0.52587891
0.67639160 0.50024414 0.52587891 0.70507812
0.50024414 0.52587891 0.70507812 0.93884277
0.52587891 0.70507812 0.93884277 0.81127930
0.70507812 0.93884277 0.81127930 0.96704102
0.93884277 0.81127930 0.96704102 0.20849609
0.81127930 0.96704102 0.20849609 0.72424316
0.96704102 0.20849609 0.72424316 0.56811523
0.20849609 0.72424316 0.56811523 0.29565430
0.72424316 0.56811523 0.29565430 0.13366699
0.56811523 0.29565430 0.13366699 0.36303711
0.29565430 0.13366699 0.36303711 0.86181641
0.13366699 0.36303711 0.86181641 0.26330566
0.36303711 0.86181641 0.26330566 0.38366699
0.86181641 0.26330566 0.38366699 0.61560059
0.26330566 0.38366699 0.61560059 0.33239746
0.38366699 0.61560059 0.33239746 0.25720215
0.61560059 0.33239746 0.25720215 0.86474609
0.33239746 0.25720215 0.86474609 0.51232910
0.25720215 0.86474609 0.51232910 0.55322266
0.86474609 0.51232910 0.55322266 0.02966309
0.51232910 0.55322266 0.02966309 0.52160645
0.55322266 0.02966309 0.52160645 0.34191895
0.02966309 0.52160645 0.34191895 0.06665039
0.52160645 0.34191895 0.06665039 0.66589355
0.34191895 0.06665039 0.66589355 0.60778809
0.06665039 0.66589355 0.60778809 0.66821289
0.66589355 0.60778809 0.66821289 0.80493164
0.60778809 0.66821289 0.80493164 0.42749023
0.66821289 0.80493164 0.42749023 0.34106445
0.80493164 0.42749023 0.34106445 0.99389648
0.42749023 0.34106445 0.99389648 0.49145508
0.34106445 0.99389648 0.49145508 0.77868652
0.99389648 0.49145508 0.77868652 0.19641113
0.49145508 0.77868652 0.19641113 0.69689941
0.77868652 0.19641113 0.69689941 0.24365234
0.19641113 0.69689941 0.24365234 0.71289062
0.69689941 0.24365234 0.71289062 0.60302734
0.24365234 0.71289062 0.60302734 0.26354980
0.71289062 0.60302734 0.26354980 0.40441895
0.60302734 0.26354980 0.40441895 0.37976074
0.26354980 0.40441895 0.37976074 0.28356934
0.40441895 0.37976074 0.28356934 0.10632324
0.37976074 0.28356934 0.10632324 0.03857422
0.28356934 0.10632324 0.03857422 0.27917480
0.10632324 0.03857422 0.27917480 0.73266602
0.03857422 0.27917480 0.73266602 0.28417969
0.27917480 0.73266602 0.28417969 0.15820312
0.73266602 0.28417969 0.15820312 0.44885254
0.28417969 0.15820312 0.44885254 0.15710449
0.15820312 0.44885254 0.15710449 0.35546875
0.44885254 0.15710449 0.35546875 0.21850586
0.15710449 0.35546875 0.21850586 0.57519531
0.35546875 0.21850586 0.57519531 0.89746094
0.21850586 0.57519531 0.89746094 0.29345703
0.57519531 0.89746094 0.29345703 0.94677734
0.89746094 0.29345703 0.94677734 0.48583984
0.29345703 0.94677734 0.48583984 0.30139160
0.94677734 0.48583984 0.30139160 0.62133789
0.48583984 0.30139160 0.62133789 0.82006836
0.30139160 0.62133789 0.82006836 0.71423340
0.62133789 0.82006836 0.71423340 0.71716309
0.82006836 0.71423340 0.71716309 0.96618652
0.71423340 0.71716309 0.96618652 0.13586426
0.71716309 0.96618652 0.13586426 0.54980469
0.96618652 0.13586426 0.54980469 0.73901367
0.13586426 0.54980469 0.73901367 0.82373047
0.54980469 0.73901367 0.82373047 0.02563477
0.73901367 0.82373047 0.02563477 0.17919922
0.82373047 0.02563477 0.17919922 0.23376465
0.02563477 0.17919922 0.23376465 0.87231445
0.17919922 0.23376465 0.87231445 0.15576172
0.23376465 0.87231445 0.15576172 0.24133301
0.87231445 0.15576172 0.24133301 0.51574707
0.15576172 0.24133301 0.51574707 0.84375000
0.24133301 0.51574707 0.84375000 0.72741699
0.51574707 0.84375000 0.72741699 0.83789062
0.84375000 0.72741699 0.83789062 0.22937012
0.72741699 0.83789062 0.22937012 0.49877930
0.83789062 0.22937012 0.49877930 0.40136719
0.22937012 0.49877930 0.40136719 0.12036133
0.49877930 0.40136719 0.12036133 0.23193359
0.40136719 0.12036133 0.23193359 0.71667480
0.12036133 0.23193359 0.71667480 0.92468262
0.23193359 0.71667480 0.92468262 0.60754395
0.71667480 0.92468262 0.60754395 0.64746094
0.92468262 0.60754395 0.64746094 0.04089355
0.60754395 0.64746094 0.04089355 0.47631836
0.64746094 0.04089355 0.47631836 0.49194336
0.04089355 0.47631836 0.49194336 0.82019043
0.47631836 0.49194336 0.82019043 0.72460938
0.49194336 0.82019043 0.72460938 0.59924316
0.82019043 0.72460938 0.59924316 0.94177246
0.72460938 0.59924316 0.94177246 0.06042480
0.59924316 0.94177246 0.06042480 0.13671875
0.94177246 0.06042480 0.13671875 0.62243652
0.06042480 0.13671875 0.62243652 0.91345215
0.13671875 0.62243652 0.91345215 0.65283203
0.62243652 0.91345215 0.65283203 0.49743652
0.91345215 0.65283203 0.49743652 0.28723145
0.65283203 0.49743652 0.28723145 0.41760254
0.49743652 0.28723145 0.41760254 0.50048828
0.28723145 0.41760254 0.50048828 0.54663086
0.41760254 0.50048828 0.54663086 0.46923828
0.50048828 0.54663086 0.46923828 0.89001465
0.54663086 0.46923828 0.89001465 0.66040039
0.46923828 0.89001465 0.66040039 0.14086914
0.89001465 0.66040039 0.14086914 0.97521973
0.66040039 0.14086914 0.97521973 0.90368652
0.14086914 0.97521973 0.90368652 0.82263184
0.97521973 0.90368652 0.82263184 0.93212891
0.90368652 0.82263184 0.93212891 0.24060059
0.82263184 0.93212891 0.24060059 0.45349121
0.93212891 0.24060059 0.45349121 0.55139160
0.24060059 0.45349121 0.55139160 0.87390137
0.45349121 0.55139160 0.87390137 0.29064941
0.55139160 0.87390137 0.29064941 0.70812988
0.87390137 0.29064941 0.70812988 0.19836426
0.29064941 0.70812988 0.19836426 0.86291504
0.70812988 0.19836426 0.86291504 0.35668945
0.19836426 0.86291504 0.35668945 0.32226562
0.86291504 0.35668945 0.32226562 0.39587402
0.35668945 0.32226562 0.39587402 0.65332031
0.32226562 0.39587402 0.65332031 0.53894043
0.39587402 0.65332031 0.53894043 0.81542969
0.65332031 0.53894043 0.81542969 0.31994629
0.53894043 0.81542969 0.31994629 0.19873047
0.81542969 0.31994629 0.19873047 0.89404297
0.31994629 0.19873047 0.89404297 0.00292969
0.19873047 0.89404297 0.00292969 0.24902344
0.89404297 0.00292969 0.24902344 0.16955566
0.00292969 0.24902344 0.16955566 0.41394043
0.24902344 0.16955566 0.41394043 0.18920898
0.16955566 0.41394043 0.18920898 0.08471680
0.41394043 0.18920898 0.08471680 0.20178223
0.18920898 0.08471680 0.20178223 0.15356445
0.08471680 0.20178223 0.15356445 0.05456543
0.20178223 0.15356445 0.05456543 0.63854980
0.15356445 0.05456543 0.63854980 0.28332520
0.05456543 0.63854980 0.28332520 0.08557129
0.63854980 0.28332520 0.08557129 0.27441406
0.28332520 0.08557129 0.27441406 0.32800293
0.08557129 0.27441406 0.32800293 0.88354492
0.27441406 0.32800293 0.88354492 0.11047363
0.32800293 0.88354492 0.11047363 0.39135742
0.88354492 0.11047363 0.39135742 0.26940918
0.11047363 0.39135742 0.26940918 0.90246582
0.39135742 0.26940918 0.90246582 0.71887207
0.26940918 0.90246582 0.71887207 0.11157227
0.90246582 0.71887207 0.11157227 0.48474121
0.71887207 0.11157227 0.48474121 0.20800781
0.11157227 0.48474121 0.20800781 0.68273926
0.48474121 0.20800781 0.68273926 0.03991699
0.20800781 0.68273926 0.03991699 0.39331055
0.68273926 0.03991699 0.39331055 0.43542480
0.03991699 0.39331055 0.43542480 0.01562500
0.39331055 0.43542480 0.01562500 0.32824707
0.43542480 0.01562500 0.32824707 0.90429688
0.01562500 0.32824707 0.90429688 0.87451172
0.32824707 0.90429688 0.87451172 0.34252930
0.90429688 0.87451172 0.34252930 0.11853027
0.87451172 0.34252930 0.11853027 0.07629395
0.34252930 0.11853027 0.07629395 0.48571777
0.11853027 0.07629395 0.48571777 0.29101562
0.07629395 0.48571777 0.29101562 0.73925781
0.48571777 0.29101562 0.73925781 0.84448242
0.29101562 0.73925781 0.84448242 0.78967285
0.73925781 0.84448242 0.78967285 0.13037109
0.84448242 0.78967285 0.13037109 0.08288574
0.78967285 0.13037109 0.08288574 0.04614258
0.13037109 0.08288574 0.04614258 0.92248535
0.08288574 0.04614258 0.92248535 0.42077637
0.04614258 0.92248535 0.42077637 0.77026367
0.92248535 0.42077637 0.77026367 0.48034668
0.42077637 0.77026367 0.48034668 0.83435059
0.77026367 0.48034668 0.83435059 0.92834473
0.48034668 0.83435059 0.92834473 0.91882324
0.83435059 0.92834473 0.91882324 0.10949707
0.92834473 0.91882324 0.10949707 0.30834961
0.91882324 0.10949707 0.30834961 0.21289062
0.10949707 0.30834961 0.21289062 0.09790039
0.30834961 0.21289062 0.09790039 0.32250977
0.21289062 0.09790039 0.32250977 0.41662598
0.09790039 0.32250977 0.41662598 0.41748047
0.32250977 0.41662598 0.41748047 0.49011230
0.41662598 0.41748047 0.49011230 0.66455078
0.41748047 0.49011230 0.66455078 0.49365234
0.49011230 0.66455078 0.49365234 0.96545410
0.66455078 0.49365234 0.96545410 0.07360840
0.49365234 0.96545410 0.07360840 0.25744629
0.96545410 0.07360840 0.25744629 0.88549805
0.07360840 0.25744629 0.88549805 0.27648926
0.25744629 0.88549805 0.27648926 0.50439453
0.88549805 0.27648926 0.50439453 0.87866211
0.27648926 0.50439453 0.87866211 0.69531250
0.50439453 0.87866211 0.69531250 0.10876465
0.87866211 0.69531250 0.10876465 0.24609375
0.69531250 0.10876465 0.24609375 0.92041016
0.10876465 0.24609375 0.92041016 0.24438477
0.24609375 0.92041016 0.24438477 0.77514648
0.92041016 0.24438477 0.77514648 0.89538574
0.24438477 0.77514648 0.89538574 0.11706543
0.77514648 0.89538574 0.11706543 0.95166016
0.89538574 0.11706543 0.95166016 0.90087891
0.11706543 0.95166016 0.90087891 0.58398438
0.95166016 0.90087891 0.58398438 0.64465332
0.90087891 0.58398438 0.64465332 0.80212402
0.58398438 0.64465332 0.80212402 0.18884277
0.64465332 0.80212402 0.18884277 0.05358887
0.80212402 0.18884277 0.05358887 0.55554199
0.18884277 0.05358887 0.55554199 0.22680664
0.05358887 0.55554199 0.22680664 0.28088379
0.55554199 0.22680664 0.28088379 0.87792969
0.22680664 0.28088379 0.87792969 0.63305664
0.28088379 0.87792969 0.63305664 0.81628418
0.87792969 0.63305664 0.81628418 0.39257812
0.63305664 0.81628418 0.39257812 0.37316895
0.81628418 0.39257812 0.37316895 0.72314453
0.39257812 0.37316895 0.72314453 0.47473145
0.37316895 0.72314453 0.47473145 0.35705566
0.72314453 0.47473145 0.35705566 0.35339355
0.47473145 0.35705566 0.35339355 0.04211426
0.35705566 0.35339355 0.04211426 0.58007812
0.35339355 0.04211426 0.58007812 0.31262207
0.04211426 0.58007812 0.31262207 0.57604980
0.58007812 0.31262207 0.57604980 0.97009277
0.31262207 0.57604980 0.97009277 0.46789551
0.57604980 0.97009277 0.46789551 0.77587891
0.97009277 0.46789551 0.77587891 0.95764160
0.46789551 0.77587891 0.95764160 0.40942383
0.77587891 0.95764160 0.40942383 0.80517578
0.95764160 0.40942383 0.80517578 0.44824219
0.40942383 0.80517578 0.44824219 0.10522461
0.80517578 0.44824219 0.10522461 0.94506836
0.44824219 0.10522461 0.94506836 0.34057617
0.10522461 0.94506836 0.34057617 0.95239258
0.94506836 0.34057617 0.95239258 0.96313477
0.34057617 0.95239258 0.96313477 0.87634277
0.95239258 0.96313477 0.87634277 0.49816895
0.96313477 0.87634277 0.49816895 0.34948730
0.87634277 0.49816895 0.34948730 0.70996094
0.49816895 0.34948730 0.70996094 0.35400391
0.34948730 0.70996094 0.35400391 0.09399414
0.70996094 0.35400391 0.09399414 0.99035645
0.35400391 0.09399414 0.99035645 0.19055176
0.09399414 0.99035645 0.19055176 0.19885254
0.99035645 0.19055176 0.19885254 0.90441895
0.19055176 0.19885254 0.90441895 0.88488770
0.19885254 0.90441895 0.88488770 0.22460938
0.90441895 0.88488770 0.22460938 0.09411621
0.88488770 0.22460938 0.09411621 0.00085449
0.22460938 0.09411621 0.00085449 0.07263184
0.09411621 0.00085449 0.07263184 0.17443848
0.00085449 0.07263184 0.17443848 0.82897949
0.07263184 0.17443848 0.82897949 0.47180176
0.17443848 0.82897949 0.47180176 0.10803223
0.82897949 0.47180176 0.10803223 0.18383789
0.47180176 0.10803223 0.18383789 0.62805176
0.10803223 0.18383789 0.62805176 0.39086914
0.18383789 0.62805176 0.39086914 0.22790527
0.62805176 0.39086914 0.22790527 0.37426758
0.39086914 0.22790527 0.37426758 0.81652832
0.22790527 0.37426758 0.81652832 0.41333008
0.37426758 0.81652832 0.41333008 0.13732910
0.81652832 0.41333008 0.13732910 0.67431641
0.41333008 0.13732910 0.67431641 0.32385254
0.13732910 0.67431641 0.32385254 0.53076172
0.67431641 0.32385254 0.53076172 0.12023926
0.32385254 0.53076172 0.12023926 0.22155762
0.53076172 0.12023926 0.22155762 0.83459473
0.12023926 0.22155762 0.83459473 0.94909668
0.22155762 0.83459473 0.94909668 0.68298340
0.83459473 0.94909668 0.68298340 0.06066895
0.94909668 0.68298340 0.06066895 0.15747070
0.68298340 0.06066895 0.15747070 0.38659668
0.06066895 0.15747070 0.38659668 0.86462402
0.15747070 0.38659668 0.86462402 0.50195312
0.38659668 0.86462402 0.50195312 0.67114258
0.86462402 0.50195312 0.67114258 0.05407715
0.50195312 0.67114258 0.05407715 0.59704590
0.67114258 0.05407715 0.59704590 0.75500488
0.05407715 0.59704590 0.75500488 0.18322754
0.59704590 0.75500488 0.18322754 0.57617188
0.75500488 0.18322754 0.57617188 0.98046875
0.18322754 0.57617188 0.98046875 0.34997559
0.57617188 0.98046875 0.34997559 0.75146484
0.98046875 0.34997559 0.75146484 0.88220215
0.34997559 0.75146484 0.88220215 0.99621582
0.75146484 0.88220215 0.99621582 0.68859863
0.88220215 0.99621582 0.68859863 0.53796387
0.99621582 0.68859863 0.53796387 0.73242188
0.68859863 0.53796387 0.73242188 0.26342773
0.53796387 0.73242188 0.26342773 0.39404297
0.73242188 0.26342773 0.39404297 0.49768066
0.26342773 0.39404297 0.49768066 0.30798340
0.39404297 0.49768066 0.30798340 0.18176270
0.49768066 0.30798340 0.18176270 0.45166016
0.30798340 0.18176270 0.45166016 0.39575195
0.18176270 0.45166016 0.39575195 0.64294434
0.45166016 0.39575195 0.64294434 0.65686035
0.39575195 0.64294434 0.65686035 0.83984375
0.64294434 0.65686035 0.83984375 0.39538574
0.65686035 0.83984375 0.39538574 0.61181641
0.83984375 0.39538574 0.61181641 0.01074219
0.39538574 0.61181641 0.01074219 0.91308594
0.61181641 0.01074219 0.91308594 0.62170410
0.01074219 0.91308594 0.62170410 0.85119629
0.91308594 0.62170410 0.85119629 0.36047363
0.62170410 0.85119629 0.36047363 0.64392090
0.85119629 0.36047363 0.64392090 0.73986816
0.36047363 0.64392090 0.73986816 0.89636230
0.64392090 0.73986816 0.89636230 0.20007324
0.73986816 0.89636230 0.20007324 0.00830078
0.89636230 0.20007324 0.00830078 0.70556641
0.20007324 0.00830078 0.70556641 0.98034668
0.00830078 0.70556641 0.98034668 0.33959961
0.70556641 0.98034668 0.33959961 0.86938477
0.98034668 0.33959961 0.86938477 0.90661621
0.33959961 0.86938477 0.90661621 0.07177734
0.86938477 0.90661621 0.07177734 0.10180664
0.90661621 0.07177734 0.10180664 0.65454102
0.07177734 0.10180664 0.65454102 0.64270020
0.10180664 0.65454102 0.64270020 0.63610840
0.65454102 0.64270020 0.63610840 0.07580566
0.64270020 0.63610840 0.07580566 0.44421387
0.63610840 0.07580566 0.44421387 0.76269531
0.07580566 0.44421387 0.76269531 0.83691406
0.44421387 0.76269531 0.83691406 0.14636230
0.76269531 0.83691406 0.14636230 0.44226074
0.83691406 0.14636230 0.44226074 0.59667969
0.14636230 0.44226074 0.59667969 0.72387695
0.44226074 0.59667969 0.72387695 0.53698730
0.59667969 0.72387695 0.53698730 0.64941406
0.72387695 0.53698730 0.64941406 0.20690918
0.53698730 0.64941406 0.20690918 0.58935547
0.64941406 0.20690918 0.58935547 0.10131836
0.20690918 0.58935547 0.10131836 0.61303711
0.58935547 0.10131836 0.61303711 0.11450195
0.10131836 0.61303711 0.11450195 0.73376465
0.61303711 0.11450195 0.73376465 0.37756348
0.11450195 0.73376465 0.37756348 0.09680176
0.73376465 0.37756348 0.09680176 0.22912598
0.37756348 0.09680176 0.22912598 0.47802734
0.09680176 0.22912598 0.47802734 0.63720703
0.22912598 0.47802734 0.63720703 0.16918945
0.47802734 0.63720703 0.16918945 0.38281250
0.63720703 0.16918945 0.38281250 0.54296875
0.16918945 0.38281250 0.54296875 0.15795898
0.38281250 0.54296875 0.15795898 0.42810059
0.54296875 0.15795898 0.42810059 0.39294434
0.15795898 0.42810059 0.39294434 0.40429688
0.42810059 0.39294434 0.40429688 0.36938477
0.39294434 0.40429688 0.36938477 0.40148926
0.40429688 0.36938477 0.40148926 0.13073730
0.36938477 0.40148926 0.13073730 0.11401367
0.40148926 0.13073730 0.11401367 0.69226074
0.13073730 0.11401367 0.69226074 0.84924316
0.11401367 0.69226074 0.84924316 0.19445801
0.69226074 0.84924316 0.19445801 0.53088379
0.84924316 0.19445801 0.53088379 0.13061523
0.19445801 0.53088379 0.13061523 0.10363770
0.53088379 0.13061523 0.10363770 0.81018066
0.13061523 0.10363770 0.81018066 0.87365723
0.10363770 0.81018066 0.87365723 0.26989746
0.81018066 0.87365723 0.26989746 0.94396973
0.87365723 0.26989746 0.94396973 0.24719238
0.26989746 0.94396973 0.24719238 0.01391602
0.94396973 0.24719238 0.01391602 0.18298340
0.24719238 0.01391602 0.18298340 0.55541992
0.01391602 0.18298340 0.55541992 0.21643066
0.18298340 0.55541992 0.21643066 0.39880371
0.55541992 0.21643066 0.39880371 0.90234375
0.21643066 0.39880371 0.90234375 0.70849609
0.39880371 0.90234375 0.70849609 0.22949219
0.90234375 0.70849609 0.22949219 0.50915527
0.70849609 0.22949219 0.50915527 0.28344727
0.22949219 0.50915527 0.28344727 0.09594727
0.50915527 0.28344727 0.09594727 0.15649414
0.28344727 0.09594727 0.15649414 0.30358887
0.09594727 0.15649414 0.30358887 0.80810547
0.15649414 0.30358887 0.80810547 0.69726562
0.30358887 0.80810547 0.69726562 0.27478027
0.80810547 0.69726562 0.27478027 0.35913086
0.69726562 0.27478027 0.35913086 0.52978516
0.27478027 0.35913086 0.52978516 0.03723145
0.35913086 0.52978516 0.03723145 0.16503906
0.52978516 0.03723145 0.16503906 0.03002930
0.03723145 0.16503906 0.03002930 0.55273438
0.16503906 0.03002930 0.55273438 0.98803711
0.03002930 0.55273438 0.98803711 0.99328613
0.55273438 0.98803711 0.99328613 0.43957520
0.98803711 0.99328613 0.43957520 0.36840820
0.99328613 0.43957520 0.36840820 0.31848145
0.43957520 0.36840820 0.31848145 0.07421875
0.36840820 0.31848145 0.07421875 0.30932617
0.31848145 0.07421875 0.30932617 0.29589844
0.07421875 0.30932617 0.29589844 0.15441895
0.30932617 0.29589844 0.15441895 0.12719727
0.29589844 0.15441895 0.12719727 0.81298828
0.15441895 0.12719727 0.81298828 0.11242676
0.12719727 0.81298828 0.11242676 0.55737305
0.81298828 0.11242676 0.55737305 0.38244629
0.11242676 0.55737305 0.38244629 0.51184082
0.55737305 0.38244629 0.51184082 0.51171875
0.38244629 0.51184082 0.51171875 0.50134277
0.51184082 0.51171875 0.50134277 0.61926270
0.51171875 0.50134277 0.61926270 0.64367676
0.50134277 0.61926270 0.64367676 0.71911621
0.61926270 0.64367676 0.71911621 0.13232422
0.64367676 0.71911621 0.13232422 0.24890137
0.71911621 0.13232422 0.24890137 0.15917969
0.13232422 0.24890137 0.15917969 0.53186035
0.24890137 0.15917969 0.53186035 0.21362305
0.15917969 0.53186035 0.21362305 0.16015625
0.53186035 0.21362305 0.16015625 0.61486816
0.21362305 0.16015625 0.61486816 0.27014160
0.16015625 0.61486816 0.27014160 0.96472168
0.61486816 0.27014160 0.96472168 0.01135254
0.27014160 0.96472168 0.01135254 0.96496582
0.96472168 0.01135254 0.96496582 0.03210449
0.01135254 0.96496582 0.03210449 0.72912598
0.96496582 0.03210449 0.72912598 0.98315430
0.03210449 0.72912598 0.98315430 0.57824707
0.72912598 0.98315430 0.57824707 0.15698242
0.98315430 0.57824707 0.15698242 0.34509277
0.57824707 0.15698242 0.34509277 0.33642578
0.15698242 0.34509277 0.33642578 0.59960938
0.34509277 0.33642578 0.59960938 0.97290039
0.33642578 0.59960938 0.97290039 0.70654297
0.59960938 0.97290039 0.70654297 0.06347656
0.97290039 0.70654297 0.06347656 0.39611816
0.70654297 0.06347656 0.39611816 0.67407227
0.06347656 0.39611816 0.67407227 0.30310059
0.39611816 0.67407227 0.30310059 0.76660156
0.67407227 0.30310059 0.76660156 0.16906738
0.30310059 0.76660156 0.16906738 0.37243652
0.76660156 0.16906738 0.37243652 0.66088867
0.16906738 0.37243652 0.66088867 0.18237305
0.37243652 0.66088867 0.18237305 0.50354004
0.66088867 0.18237305 0.50354004 0.80603027
0.18237305 0.50354004 0.80603027 0.52087402
0.50354004 0.80603027 0.52087402 0.27966309
0.80603027 0.52087402 0.27966309 0.77416992
0.52087402 0.27966309 0.77416992 0.81237793
0.27966309 0.77416992 0.81237793 0.06054688
0.77416992 0.81237793 0.06054688 0.14709473
0.81237793 0.06054688 0.14709473 0.50451660
0.06054688 0.14709473 0.50451660 0.88903809
0.14709473 0.50451660 0.88903809 0.57739258
0.50451660 0.88903809 0.57739258 0.08435059
0.88903809 0.57739258 0.08435059 0.17065430
0.57739258 0.08435059 0.17065430 0.50732422
0.08435059 0.17065430 0.50732422 0.12780762
0.17065430 0.50732422 0.12780762 0.86486816
0.50732422 0.12780762 0.86486816 0.52270508
0.12780762 0.86486816 0.52270508 0.43530273
0.86486816 0.52270508 0.43530273 0.00524902
0.52270508 0.43530273 0.00524902 0.44616699
0.43530273 0.00524902 0.44616699 0.92871094
0.00524902 0.44616699 0.92871094 0.94995117
0.44616699 0.92871094 0.94995117 0.75561523
0.92871094 0.94995117 0.75561523 0.23510742
0.94995117 0.75561523 0.23510742 0.98645020
0.75561523 0.23510742 0.98645020 0.85839844
0.23510742 0.98645020 0.85839844 0.97265625
0.98645020 0.85839844 0.97265625 0.68579102
0.85839844 0.97265625 0.68579102 0.29931641
0.97265625 0.68579102 0.29931641 0.44494629
0.68579102 0.29931641 0.44494629 0.82495117
0.29931641 0.44494629 0.82495117 0.12939453
0.44494629 0.82495117 0.12939453 0.99975586
0.82495117 0.12939453 0.99975586 0.98950195
0.12939453 0.99975586 0.98950195 0.11791992
0.99975586 0.98950195 0.11791992 0.02441406
0.98950195 0.11791992 0.02441406 0.07543945
0.11791992 0.02441406 0.07543945 0.41308594
0.02441406 0.07543945 0.41308594 0.11657715
0.07543945 0.41308594 0.11657715 0.91015625
0.41308594 0.11657715 0.91015625 0.37268066
0.11657715 0.91015625 0.37268066 0.68164062
0.91015625 0.37268066 0.68164062 0.94641113
0.37268066 0.68164062 0.94641113 0.45471191
0.68164062 0.94641113 0.45471191 0.65515137
0.94641113 0.45471191 0.65515137 0.69458008
0.45471191 0.65515137 0.69458008 0.04650879
0.65515137 0.69458008 0.04650879 0.95361328
0.69458008 0.04650879 0.95361328 0.06701660
0.04650879 0.95361328 0.06701660 0.69702148
0.95361328 0.06701660 0.69702148 0.25402832
0.06701660 0.69702148 0.25402832 0.59497070
0.69702148 0.25402832 0.59497070 0.57861328
0.25402832 0.59497070 0.57861328 0.18811035
0.59497070 0.57861328 0.18811035 0.99121094
0.57861328 0.18811035 0.99121094 0.26318359
0.18811035 0.99121094 0.26318359 0.37329102
0.99121094 0.26318359 0.37329102 0.73352051
0.26318359 0.37329102 0.73352051 0.35681152
0.37329102 0.73352051 0.35681152 0.33264160
0.73352051 0.35681152 0.33264160 0.27795410
0.35681152 0.33264160 0.27795410 0.62890625
0.33264160 0.27795410 0.62890625 0.46350098
0.27795410 0.62890625 0.46350098 0.40234375
0.62890625 0.46350098 0.40234375 0.20336914
0.46350098 0.40234375 0.20336914 0.28845215
0.40234375 0.20336914 0.28845215 0.52136230
0.20336914 0.28845215 0.52136230 0.32116699
0.28845215 0.52136230 0.32116699 0.30249023
0.52136230 0.32116699 0.30249023 0.71472168
0.32116699 0.30249023 0.71472168 0.75866699
0.30249023 0.71472168 0.75866699 0.49450684
0.71472168 0.75866699 0.49450684 0.03820801
0.75866699 0.49450684 0.03820801 0.24804688
0.49450684 0.03820801 0.24804688 0.08654785
0.03820801 0.24804688 0.08654785 0.35742188
0.24804688 0.08654785 0.35742188 0.38452148
0.08654785 0.35742188 0.38452148 0.68823242
0.35742188 0.38452148 0.68823242 0.50683594
0.38452148 0.68823242 0.50683594 0.08630371
0.68823242 0.50683594 0.08630371 0.33666992
0.50683594 0.08630371 0.33666992 0.62036133
0.08630371 0.33666992 0.62036133 0.73706055
0.33666992 0.62036133 0.73706055 0.65771484
0.62036133 0.73706055 0.65771484 0.91247559
0.73706055 0.65771484 0.91247559 0.56982422
0.65771484 0.91247559 0.56982422 0.44091797
0.91247559 0.56982422 0.44091797 0.48254395
0.56982422 0.44091797 0.48254395 0.02124023
0.44091797 0.48254395 0.02124023 0.80554199
0.48254395 0.02124023 0.80554199 0.47937012
0.02124023 0.80554199 0.47937012 0.75134277
0.80554199 0.47937012 0.75134277 0.87182617
0.47937012 0.75134277 0.87182617 0.11425781
0.75134277 0.87182617 0.11425781 0.71301270
0.87182617 0.11425781 0.71301270 0.61340332
0.11425781 0.71301270 0.61340332 0.14562988
0.71301270 0.61340332 0.14562988 0.38000488
0.61340332 0.14562988 0.38000488 0.30432129
0.14562988 0.38000488 0.30432129 0.87036133
0.38000488 0.30432129 0.87036133 0.98962402
0.30432129 0.87036133 0.98962402 0.12829590
0.87036133 0.98962402 0.12829590 0.90637207
0.98962402 0.12829590 0.90637207 0.05102539
0.12829590 0.90637207 0.05102539 0.33764648
0.90637207 0.05102539 0.33764648 0.70336914
0.05102539 0.33764648 0.70336914 0.79357910
0.33764648 0.70336914 0.79357910 0.46240234
0.70336914 0.79357910 0.46240234 0.30895996
0.79357910 0.46240234 0.30895996 0.26477051
0.46240234 0.30895996 0.26477051 0.50817871
0.30895996 0.26477051 0.50817871 0.20043945
0.26477051 0.50817871 0.20043945 0.03942871
0.50817871 0.20043945 0.03942871 0.35180664
0.20043945 0.03942871 0.35180664 0.90710449
0.03942871 0.35180664 0.90710449 0.11328125
0.35180664 0.90710449 0.11328125 0.63000488
0.90710449 0.11328125 0.63000488 0.55688477
0.11328125 0.63000488 0.55688477 0.34094238
0.63000488 0.55688477 0.34094238 0.98352051
0.55688477 0.34094238 0.98352051 0.60937500
0.34094238 0.98352051 0.60937500 0.80310059
0.98352051 0.60937500 0.80310059 0.27185059
0.60937500 0.80310059 0.27185059 0.11010742
0.80310059 0.27185059 0.11010742 0.36022949
0.27185059 0.11010742 0.36022949 0.62316895
0.11010742 0.36022949 0.62316895 0.97570801
0.36022949 0.62316895 0.97570801 0.94519043
0.62316895 0.97570801 0.94519043 0.35095215
0.97570801 0.94519043 0.35095215 0.83447266
0.94519043 0.35095215 0.83447266 0.93872070
0.35095215 0.83447266 0.93872070 0.80090332
0.83447266 0.93872070 0.80090332 0.08508301
0.93872070 0.80090332 0.08508301 0.23291016
0.80090332 0.08508301 0.23291016 0.79968262
0.08508301 0.23291016 0.79968262 0.98120117
0.23291016 0.79968262 0.98120117 0.41223145
0.79968262 0.98120117 0.41223145 0.04394531
0.98120117 0.41223145 0.04394531 0.73571777
0.41223145 0.04394531 0.73571777 0.54357910
0.04394531 0.73571777 0.54357910 0.20983887
0.73571777 0.54357910 0.20983887 0.83837891
0.54357910 0.20983887 0.83837891 0.27087402
0.20983887 0.83837891 0.27087402 0.02709961
0.83837891 0.27087402 0.02709961 0.30371094
0.27087402 0.02709961 0.30371094 0.81848145
0.02709961 0.30371094 0.81848145 0.57934570
0.30371094 0.81848145 0.57934570 0.25036621
0.81848145 0.57934570 0.25036621 0.28369141
0.57934570 0.25036621 0.28369141 0.11669922
0.25036621 0.28369141 0.11669922 0.92053223
0.28369141 0.11669922 0.92053223 0.25476074
0.11669922 0.92053223 0.25476074 0.65722656
0.92053223 0.25476074 0.65722656 0.87097168
0.25476074 0.65722656 0.87097168 0.04162598
0.65722656 0.87097168 0.04162598 0.53857422
0.87097168 0.04162598 0.53857422 0.78430176
0.04162598 0.53857422 0.78430176 0.67370605
0.53857422 0.78430176 0.67370605 0.27197266
0.78430176 0.67370605 0.27197266 0.12048340
0.67370605 0.27197266 0.12048340 0.24230957
0.27197266 0.12048340 0.24230957 0.59875488
0.12048340 0.24230957 0.59875488 0.90026855
0.24230957 0.59875488 0.90026855 0.53210449
0.59875488 0.90026855 0.53210449 0.23437500
0.90026855 0.53210449 0.23437500 0.92419434
0.53210449 0.23437500 0.92419434 0.56604004
0.23437500 0.92419434 0.56604004 0.11926270
0.92419434 0.56604004 0.11926270 0.13854980
0.56604004 0.11926270 0.13854980 0.77807617
0.11926270 0.13854980 0.77807617 0.14453125
0.13854980 0.77807617 0.14453125 0.28662109
0.77807617 0.14453125 0.28662109 0.36572266
0.14453125 0.28662109 0.36572266 0.09020996
0.28662109 0.36572266 0.09020996 0.66870117
0.36572266 0.09020996 0.66870117 0.84643555
0.09020996 0.66870117 0.84643555 0.95568848
0.66870117 0.84643555 0.95568848 0.24340820
0.84643555 0.95568848 0.24340820 0.69213867
0.95568848 0.24340820 0.69213867 0.83886719
0.24340820 0.69213867 0.83886719 0.31237793
0.69213867 0.83886719 0.31237793 0.55529785
0.83886719 0.31237793 0.55529785 0.20605469
0.31237793 0.55529785 0.20605469 0.51672363
0.55529785 0.20605469 0.51672363 0.92675781
0.20605469 0.51672363 0.92675781 0.78393555
0.51672363 0.92675781 0.78393555 0.64257812
0.92675781 0.78393555 0.64257812 0.62573242
0.78393555 0.64257812 0.62573242 0.19372559
0.64257812 0.62573242 0.19372559 0.46862793
0.62573242 0.19372559 0.46862793 0.83813477
0.19372559 0.46862793 0.83813477 0.25012207
0.46862793 0.83813477 0.25012207 0.26293945
0.83813477 0.25012207 0.26293945 0.35253906
0.25012207 0.26293945 0.35253906 0.96936035
0.26293945 0.35253906 0.96936035 0.40563965
0.35253906 0.96936035 0.40563965 0.48352051
0.96936035 0.40563965 0.48352051 0.10424805
0.40563965 0.48352051 0.10424805 0.86206055
0.48352051 0.10424805 0.86206055 0.28405762
0.10424805 0.86206055 0.28405762 0.14782715
0.86206055 0.28405762 0.14782715 0.56677246
0.28405762 0.14782715 0.56677246 0.18151855
0.14782715 0.56677246 0.18151855 0.43090820
0.56677246 0.18151855 0.43090820 0.63159180
0.18151855 0.43090820 0.63159180 0.69177246
0.43090820 0.63159180 0.69177246 0.80773926
0.63159180 0.69177246 0.80773926 0.66613770
0.69177246 0.80773926 0.66613770 0.62854004
0.80773926 0.66613770 0.62854004 0.43237305
0.66613770 0.62854004 0.43237305 0.75610352
0.62854004 0.43237305 0.75610352 0.27661133
0.43237305 0.75610352 0.27661133 0.51477051
0.75610352 0.27661133 0.51477051 0.76074219
0.27661133 0.51477051 0.76074219 0.67089844
0.51477051 0.76074219 0.67089844 0.03332520
0.76074219 0.67089844 0.03332520 0.83288574
0.67089844 0.03332520 0.83288574 0.80383301
0.03332520 0.83288574 0.80383301 0.33410645
0.83288574 0.80383301 0.33410645 0.40246582
0.80383301 0.33410645 0.40246582 0.21374512
0.33410645 0.40246582 0.21374512 0.17053223
0.40246582 0.21374512 0.17053223 0.49694824
0.21374512 0.17053223 0.49694824 0.24572754
0.17053223 0.49694824 0.24572754 0.88928223
0.49694824 0.24572754 0.88928223 0.59814453
0.24572754 0.88928223 0.59814453 0.84838867
0.88928223 0.59814453 0.84838867 0.12182617
0.59814453 0.84838867 0.12182617 0.35644531
0.84838867 0.12182617 0.35644531 0.30151367
0.12182617 0.35644531 0.30151367 0.63171387
0.35644531 0.30151367 0.63171387 0.70214844
0.30151367 0.63171387 0.70214844 0.68981934
0.63171387 0.70214844 0.68981934 0.64172363
0.70214844 0.68981934 0.64172363 0.55310059
0.68981934 0.64172363 0.55310059 0.01928711
0.64172363 0.55310059 0.01928711 0.63952637
0.55310059 0.01928711 0.63952637 0.36633301
0.01928711 0.63952637 0.36633301 0.14208984
0.63952637 0.36633301 0.14208984 0.07910156
0.36633301 0.14208984 0.07910156 0.72436523
0.14208984 0.07910156 0.72436523 0.57849121
0.07910156 0.72436523 0.57849121 0.17773438
0.72436523 0.57849121 0.17773438 0.10925293
0.57849121 0.17773438 0.10925293 0.28759766
0.17773438 0.10925293 0.28759766 0.44873047
0.10925293 0.28759766 0.44873047 0.14672852
0.28759766 0.44873047 0.14672852 0.47338867
0.44873047 0.14672852 0.47338867 0.24291992
0.14672852 0.47338867 0.24291992 0.65063477
0.47338867 0.24291992 0.65063477 0.31066895
0.24291992 0.65063477 0.31066895 0.41003418
0.65063477 0.31066895 0.41003418 0.85705566
0.31066895 0.41003418 0.85705566 0.85852051
0.41003418 0.85705566 0.85852051 0.98303223
0.85705566 0.85852051 0.98303223 0.56787109
0.85852051 0.98303223 0.56787109 0.27490234
0.98303223 0.56787109 0.27490234 0.36950684
0.56787109 0.27490234 0.36950684 0.41186523
0.27490234 0.36950684 0.41186523 0.01281738
0.36950684 0.41186523 0.01281738 0.08959961
0.41186523 0.01281738 0.08959961 0.61682129
0.01281738 0.08959961 0.61682129 0.43615723
0.08959961 0.61682129 0.43615723 0.07788086
0.61682129 0.43615723 0.07788086 0.62060547
0.43615723 0.07788086 0.62060547 0.75781250
0.07788086 0.62060547 0.75781250 0.42187500
0.62060547 0.75781250 0.42187500 0.86364746
0.75781250 0.42187500 0.86364746 0.41894531
0.42187500 0.86364746 0.41894531 0.61462402
0.86364746 0.41894531 0.61462402 0.24938965
0.41894531 0.61462402 0.24938965 0.20068359
0.61462402 0.24938965 0.20068359 0.06018066
0.24938965 0.20068359 0.06018066 0.11596680
0.20068359 0.06018066 0.11596680 0.85827637
0.06018066 0.11596680 0.85827637 0.96228027
0.11596680 0.85827637 0.96228027 0.80371094
0.85827637 0.96228027 0.80371094 0.32373047
0.96228027 0.80371094 0.32373047 0.52038574
0.80371094 0.32373047 0.52038574 0.23815918
0.32373047 0.52038574 0.23815918 0.24597168
0.52038574 0.23815918 0.24597168 0.91003418
0.23815918 0.24597168 0.91003418 0.36230469
0.24597168 0.91003418 0.36230469 0.79956055
0.91003418 0.36230469 0.79956055 0.97082520
0.36230469 0.79956055 0.97082520 0.53015137
0.79956055 0.97082520 0.53015137 0.06835938
0.97082520 0.53015137 0.06835938 0.81115723
0.53015137 0.06835938 0.81115723 0.95666504
0.06835938 0.81115723 0.95666504 0.32641602
0.81115723 0.95666504 0.32641602 0.74865723
0.95666504 0.32641602 0.74865723 0.64355469
0.32641602 0.74865723 0.64355469 0.70874023
0.74865723 0.64355469 0.70874023 0.25024414
0.64355469 0.70874023 0.25024414 0.27331543
0.70874023 0.25024414 0.27331543 0.23461914
0.25024414 0.27331543 0.23461914 0.94494629
0.27331543 0.23461914 0.94494629 0.33020020
0.23461914 0.94494629 0.33020020 0.07043457
0.94494629 0.33020020 0.07043457 0.98754883
0.33020020 0.07043457 0.98754883 0.95178223
0.07043457 0.98754883 0.95178223 0.91125488
