0.00001031 0.01213183 0.28224982 0.85068083
0.01213183 0.28224982 0.85068083 0.54752158
0.28224982 0.85068083 0.54752158 0.76596927
0.85068083 0.54752158 0.76596927 0.73086055
0.54752158 0.76596927 0.73086055 0.46096658
0.76596927 0.73086055 0.46096658 0.20829141
0.73086055 0.46096658 0.20829141 0.34571446
0.46096658 0.20829141 0.34571446 0.67498879
0.20829141 0.34571446 0.67498879 0.98691102
0.34571446 0.67498879 0.98691102 0.87969300
0.67498879 0.98691102 0.87969300 0.97970871
0.98691102 0.87969300 0.97970871 0.31827075
0.87969300 0.97970871 0.31827075 0.67122110
0.97970871 0.31827075 0.67122110 0.08631240
0.31827075 0.67122110 0.08631240 0.47458319
0.67122110 0.08631240 0.47458319 0.59561293
0.08631240 0.47458319 0.59561293 0.21642305
0.47458319 0.59561293 0.21642305 0.49794641
0.59561293 0.21642305 0.49794641 0.83397344
0.21642305 0.49794641 0.83397344 0.08901580
0.49794641 0.83397344 0.08901580 0.98020401
0.83397344 0.08901580 0.98020401 0.24405699
0.08901580 0.98020401 0.24405699 0.88419612
0.98020401 0.24405699 0.88419612 0.88507553
0.24405699 0.88419612 0.88507553 0.36751017
0.88419612 0.88507553 0.36751017 0.89574984
0.88507553 0.36751017 0.89574984 0.74095851
0.36751017 0.89574984 0.74095851 0.19203337
0.89574984 0.74095851 0.19203337 0.33772098
0.74095851 0.19203337 0.33772098 0.54344730
0.19203337 0.33772098 0.54344730 0.62145367
0.33772098 0.54344730 0.62145367 0.75017917
0.54344730 0.62145367 0.75017917 0.63871445
0.62145367 0.75017917 0.63871445 0.09435003
0.75017917 0.63871445 0.09435003 0.01636142
0.63871445 0.09435003 0.01636142 0.85853854
0.09435003 0.01636142 0.85853854 0.35644773
0.01636142 0.85853854 0.35644773 0.44331005
0.85853854 0.35644773 0.44331005 0.21392389
0.35644773 0.44331005 0.21392389 0.95130142
0.44331005 0.21392389 0.95130142 0.80077460
0.21392389 0.95130142 0.80077460 0.76065118
0.95130142 0.80077460 0.76065118 0.98041259
0.80077460 0.76065118 0.98041259 0.86203542
0.76065118 0.98041259 0.86203542 0.75914069
0.98041259 0.86203542 0.75914069 0.32649632
0.86203542 0.75914069 0.32649632 0.42624284
0.75914069 0.32649632 0.42624284 0.40401171
0.32649632 0.42624284 0.40401171 0.10966761
0.42624284 0.40401171 0.10966761 0.29768104
0.40401171 0.10966761 0.29768104 0.46709670
0.10966761 0.29768104 0.46709670 0.45261760
0.29768104 0.46709670 0.45261760 0.39455406
0.46709670 0.45261760 0.39455406 0.62288383
0.45261760 0.39455406 0.62288383 0.72202411
0.39455406 0.62288383 0.72202411 0.20489264
0.62288383 0.72202411 0.20489264 0.90301624
0.72202411 0.20489264 0.90301624 0.68345090
0.20489264 0.90301624 0.68345090 0.47955562
0.90301624 0.68345090 0.47955562 0.48777584
0.68345090 0.47955562 0.48777584 0.25728230
0.47955562 0.48777584 0.25728230 0.21190111
0.48777584 0.25728230 0.21190111 0.23427131
0.25728230 0.21190111 0.23427131 0.20244978
0.21190111 0.23427131 0.20244978 0.20175352
0.23427131 0.20244978 0.20175352 0.14385831
0.20244978 0.20175352 0.14385831 0.51638016
0.20175352 0.14385831 0.51638016 0.91219411
0.14385831 0.51638016 0.91219411 0.40975051
0.51638016 0.91219411 0.40975051 0.35627636
0.91219411 0.40975051 0.35627636 0.82949002
0.40975051 0.35627636 0.82949002 0.06107042
0.35627636 0.82949002 0.06107042 0.89288605
0.82949002 0.06107042 0.89288605 0.34819837
0.06107042 0.89288605 0.34819837 0.84215191
0.89288605 0.34819837 0.84215191 0.07705912
0.34819837 0.84215191 0.07705912 0.03804698
0.84215191 0.07705912 0.03804698 0.14429029
0.07705912 0.03804698 0.14429029 0.69971128
0.03804698 0.14429029 0.69971128 0.40435823
0.14429029 0.69971128 0.40435823 0.55867151
0.69971128 0.40435823 0.55867151 0.51766965
0.40435823 0.55867151 0.51766965 0.51887646
0.55867151 0.51766965 0.51887646 0.47973519
0.51766965 0.51887646 0.47973519 0.41154813
0.51887646 0.47973519 0.41154813 0.59433971
0.47973519 0.41154813 0.59433971 0.39823044
0.41154813 0.59433971 0.39823044 0.47387901
0.59433971 0.39823044 0.47387901 0.61716912
0.39823044 0.47387901 0.61716912 0.49357319
0.47387901 0.61716912 0.49357319 0.99282042
0.61716912 0.49357319 0.99282042 0.16321067
0.49357319 0.99282042 0.16321067 0.92467618
0.99282042 0.16321067 0.92467618 0.56720009
0.16321067 0.92467618 0.56720009 0.71149071
0.92467618 0.56720009 0.71149071 0.12530499
0.56720009 0.71149071 0.12530499 0.86632929
0.71149071 0.12530499 0.86632929 0.36092196
0.12530499 0.86632929 0.36092196 0.68792838
0.86632929 0.36092196 0.68792838 0.32541442
0.36092196 0.68792838 0.32541442 0.06705967
0.68792838 0.32541442 0.06705967 0.93466146
0.32541442 0.06705967 0.93466146 0.07796299
0.06705967 0.93466146 0.07796299 0.34275993
0.93466146 0.07796299 0.34275993 0.11780654
0.07796299 0.34275993 0.11780654 0.91642444
0.34275993 0.11780654 0.91642444 0.33923241
0.11780654 0.91642444 0.33923241 0.80419892
0.91642444 0.33923241 0.80419892 0.01476704
0.33923241 0.80419892 0.01476704 0.84041107
0.80419892 0.01476704 0.84041107 0.37685195
0.01476704 0.84041107 0.37685195 0.85089452
0.84041107 0.37685195 0.85089452 0.45549031
0.37685195 0.85089452 0.45549031 0.86598803
0.85089452 0.45549031 0.86598803 0.89430010
0.45549031 0.86598803 0.89430010 0.84605074
0.86598803 0.89430010 0.84605074 0.93736087
0.89430010 0.84605074 0.93736087 0.38424970
0.84605074 0.93736087 0.38424970 0.00840035
0.93736087 0.38424970 0.00840035 0.78427315
0.38424970 0.00840035 0.78427315 0.13160441
0.00840035 0.78427315 0.13160441 0.27298214
0.78427315 0.13160441 0.27298214 0.14422445
0.13160441 0.27298214 0.14422445 0.25901951
0.27298214 0.14422445 0.25901951 0.29850452
0.14422445 0.25901951 0.29850452 0.49673269
0.25901951 0.29850452 0.49673269 0.76897153
0.29850452 0.49673269 0.76897153 0.63200517
0.49673269 0.76897153 0.63200517 0.43732154
0.76897153 0.63200517 0.43732154 0.82320230
0.63200517 0.43732154 0.82320230 0.01367792
0.43732154 0.82320230 0.01367792 0.81489023
0.82320230 0.01367792 0.81489023 0.50680771
0.01367792 0.81489023 0.50680771 0.07583717
0.81489023 0.50680771 0.07583717 0.47774084
0.50680771 0.07583717 0.47774084 0.84939793
0.07583717 0.47774084 0.84939793 0.72426869
0.47774084 0.84939793 0.72426869 0.91905784
0.84939793 0.72426869 0.91905784 0.36331849
0.72426869 0.91905784 0.36331849 0.09309845
0.91905784 0.36331849 0.09309845 0.98857740
0.36331849 0.09309845 0.98857740 0.23396832
0.09309845 0.98857740 0.23396832 0.62984442
0.98857740 0.23396832 0.62984442 0.74776101
0.23396832 0.62984442 0.74776101 0.54505921
0.62984442 0.74776101 0.54505921 0.28857014
0.74776101 0.54505921 0.28857014 0.88941522
0.54505921 0.28857014 0.88941522 0.90696342
0.28857014 0.88941522 0.90696342 0.86639933
0.88941522 0.90696342 0.86639933 0.16503454
0.90696342 0.86639933 0.16503454 0.65305205
0.86639933 0.16503454 0.65305205 0.30539166
0.16503454 0.65305205 0.30539166 0.14675530
0.65305205 0.30539166 0.14675530 0.16275945
0.30539166 0.14675530 0.16275945 0.39151656
0.14675530 0.16275945 0.39151656 0.29383341
0.16275945 0.39151656 0.29383341 0.48730854
0.39151656 0.29383341 0.48730854 0.10636441
0.29383341 0.48730854 0.10636441 0.20008877
0.48730854 0.10636441 0.20008877 0.75824041
0.10636441 0.20008877 0.75824041 0.92494709
0.20008877 0.75824041 0.92494709 0.25828332
0.75824041 0.92494709 0.25828332 0.59806413
0.92494709 0.25828332 0.59806413 0.25563306
0.25828332 0.59806413 0.25563306 0.07830783
0.59806413 0.25563306 0.07830783 0.56630454
0.25563306 0.07830783 0.56630454 0.56081936
0.07830783 0.56630454 0.56081936 0.46378511
0.56630454 0.56081936 0.46378511 0.93753228
0.56081936 0.46378511 0.93753228 0.09997339
0.46378511 0.93753228 0.09997339 0.04871419
0.93753228 0.09997339 0.04871419 0.90594799
0.09997339 0.04871419 0.90594799 0.84972479
0.04871419 0.90594799 0.84972479 0.97198687
0.90594799 0.84972479 0.97198687 0.21397120
0.84972479 0.97198687 0.21397120 0.39397282
0.97198687 0.21397120 0.39397282 0.38220248
0.21397120 0.39397282 0.38220248 0.98684434
0.39397282 0.38220248 0.98684434 0.35553439
0.38220248 0.98684434 0.35553439 0.48228581
0.98684434 0.35553439 0.48228581 0.57240792
0.35553439 0.48228581 0.57240792 0.43463491
0.48228581 0.57240792 0.43463491 0.54434407
0.57240792 0.43463491 0.54434407 0.26623165
0.43463491 0.54434407 0.26623165 0.45187447
0.54434407 0.26623165 0.45187447 0.11736235
0.26623165 0.45187447 0.11736235 0.81224602
0.45187447 0.11736235 0.81224602 0.95721374
0.11736235 0.81224602 0.95721374 0.99401958
0.81224602 0.95721374 0.99401958 0.36344674
0.95721374 0.99401958 0.36344674 0.59786544
0.99401958 0.36344674 0.59786544 0.91592231
0.36344674 0.59786544 0.91592231 0.05543100
0.59786544 0.91592231 0.05543100 0.89720542
0.91592231 0.05543100 0.89720542 0.60773608
0.05543100 0.89720542 0.60773608 0.41826942
0.89720542 0.60773608 0.41826942 0.34010917
0.60773608 0.41826942 0.34010917 0.67332297
0.41826942 0.34010917 0.67332297 0.67544096
0.34010917 0.67332297 0.67544096 0.17715846
0.67332297 0.67544096 0.17715846 0.11080216
0.67544096 0.17715846 0.11080216 0.37237864
0.17715846 0.11080216 0.37237864 0.09470636
0.11080216 0.37237864 0.09470636 0.79019507
0.37237864 0.09470636 0.79019507 0.40045386
0.09470636 0.79019507 0.40045386 0.46015454
0.79019507 0.40045386 0.46015454 0.59808247
0.40045386 0.46015454 0.59808247 0.73913903
0.46015454 0.59808247 0.73913903 0.23167712
0.59808247 0.73913903 0.23167712 0.61596084
0.73913903 0.23167712 0.61596084 0.03628980
0.23167712 0.61596084 0.03628980 0.29356474
0.61596084 0.03628980 0.29356474 0.74231374
0.03628980 0.29356474 0.74231374 0.71318558
0.29356474 0.74231374 0.71318558 0.73228918
0.74231374 0.71318558 0.73228918 0.18318637
0.71318558 0.73228918 0.18318637 0.90359171
0.73228918 0.18318637 0.90359171 0.55251567
0.18318637 0.90359171 0.55251567 0.79879285
0.90359171 0.55251567 0.79879285 0.67239497
0.55251567 0.79879285 0.67239497 0.02256109
0.79879285 0.67239497 0.02256109 0.64291038
0.67239497 0.02256109 0.64291038 0.53623977
0.02256109 0.64291038 0.53623977 0.62219274
0.64291038 0.53623977 0.62219274 0.99740814
0.53623977 0.62219274 0.99740814 0.67028979
0.62219274 0.99740814 0.67028979 0.44951370
0.99740814 0.67028979 0.44951370 0.37269464
0.67028979 0.44951370 0.37269464 0.20579013
0.44951370 0.37269464 0.20579013 0.44282200
0.37269464 0.20579013 0.44282200 0.41058093
0.20579013 0.44282200 0.41058093 0.93170473
0.44282200 0.41058093 0.93170473 0.15407007
0.41058093 0.93170473 0.15407007 0.57430908
0.93170473 0.15407007 0.57430908 0.50249410
0.15407007 0.57430908 0.50249410 0.24170286
0.57430908 0.50249410 0.24170286 0.89676791
0.50249410 0.24170286 0.89676791 0.78199851
0.24170286 0.89676791 0.78199851 0.52395821
0.89676791 0.78199851 0.52395821 0.06445515
0.78199851 0.52395821 0.06445515 0.99092455
0.52395821 0.06445515 0.99092455 0.01286050
0.06445515 0.99092455 0.01286050 0.20093459
0.99092455 0.01286050 0.20093459 0.16316838
0.01286050 0.20093459 0.16316838 0.30570412
0.20093459 0.16316838 0.30570412 0.20439685
0.16316838 0.30570412 0.20439685 0.37701532
0.30570412 0.20439685 0.37701532 0.99028142
0.20439685 0.37701532 0.99028142 0.05436805
0.37701532 0.99028142 0.05436805 0.17141207
0.99028142 0.05436805 0.17141207 0.56763264
0.05436805 0.17141207 0.56763264 0.09785526
0.17141207 0.56763264 0.09785526 0.33139598
0.56763264 0.09785526 0.33139598 0.27160665
0.09785526 0.33139598 0.27160665 0.34082929
0.33139598 0.27160665 0.34082929 0.26592937
0.27160665 0.34082929 0.26592937 0.17038531
0.34082929 0.26592937 0.17038531 0.19768668
0.26592937 0.17038531 0.19768668 0.25880652
0.17038531 0.19768668 0.25880652 0.74631494
0.19768668 0.25880652 0.74631494 0.75634780
0.25880652 0.74631494 0.75634780 0.66624533
0.74631494 0.75634780 0.66624533 0.32919659
0.75634780 0.66624533 0.32919659 0.78698654
0.66624533 0.32919659 0.78698654 0.64204710
0.32919659 0.78698654 0.64204710 0.29266505
0.78698654 0.64204710 0.29266505 0.52370961
0.64204710 0.29266505 0.52370961 0.13176789
0.29266505 0.52370961 0.13176789 0.72755474
0.52370961 0.13176789 0.72755474 0.20204572
0.13176789 0.72755474 0.20204572 0.49632689
0.72755474 0.20204572 0.49632689 0.03712028
0.20204572 0.49632689 0.03712028 0.06512967
0.49632689 0.03712028 0.06512967 0.85858314
0.03712028 0.06512967 0.85858314 0.75079087
0.06512967 0.85858314 0.75079087 0.86908636
0.85858314 0.75079087 0.86908636 0.05655299
0.75079087 0.86908636 0.05655299 0.68238146
0.86908636 0.05655299 0.68238146 0.45020120
0.05655299 0.68238146 0.45020120 0.06976792
0.68238146 0.45020120 0.06976792 0.45352645
0.45020120 0.06976792 0.45352645 0.88188796
0.06976792 0.45352645 0.88188796 0.41310584
0.45352645 0.88188796 0.41310584 0.94206692
0.88188796 0.41310584 0.94206692 0.84793711
0.41310584 0.94206692 0.84793711 0.34078760
0.94206692 0.84793711 0.34078760 0.43224718
0.84793711 0.34078760 0.43224718 0.26148690
0.34078760 0.43224718 0.26148690 0.74420442
0.43224718 0.26148690 0.74420442 0.81004446
0.26148690 0.74420442 0.81004446 0.45873176
0.74420442 0.81004446 0.45873176 0.80121711
0.81004446 0.45873176 0.80121711 0.95835504
0.45873176 0.80121711 0.95835504 0.32959214
0.80121711 0.95835504 0.32959214 0.09398810
0.95835504 0.32959214 0.09398810 0.04656396
0.32959214 0.09398810 0.04656396 0.84129459
0.09398810 0.04656396 0.84129459 0.01371189
0.04656396 0.84129459 0.01371189 0.57360295
0.84129459 0.01371189 0.57360295 0.93502279
0.01371189 0.57360295 0.93502279 0.57708210
0.57360295 0.93502279 0.57708210 0.46103551
0.93502279 0.57708210 0.46103551 0.55142635
0.57708210 0.46103551 0.55142635 0.86360883
0.46103551 0.55142635 0.86360883 0.30832622
0.55142635 0.86360883 0.30832622 0.61145138
0.86360883 0.30832622 0.61145138 0.92559781
0.30832622 0.61145138 0.92559781 0.59262439
0.61145138 0.92559781 0.59262439 0.04629720
0.92559781 0.59262439 0.04629720 0.02081705
0.59262439 0.04629720 0.02081705 0.31644549
0.04629720 0.02081705 0.31644549 0.08969566
0.02081705 0.31644549 0.08969566 0.52672527
0.31644549 0.08969566 0.52672527 0.82690740
0.08969566 0.52672527 0.82690740 0.18910295
0.52672527 0.82690740 0.18910295 0.36447863
0.82690740 0.18910295 0.36447863 0.33035972
0.18910295 0.36447863 0.33035972 0.32032270
0.36447863 0.33035972 0.32032270 0.62448056
0.33035972 0.32032270 0.62448056 0.90430896
0.32032270 0.62448056 0.90430896 0.09377004
0.62448056 0.90430896 0.09377004 0.11107708
0.90430896 0.09377004 0.11107708 0.08394170
0.09377004 0.11107708 0.08394170 0.20079538
0.11107708 0.08394170 0.20079538 0.30619956
0.08394170 0.20079538 0.30619956 0.54512361
0.20079538 0.30619956 0.54512361 0.62851905
0.30619956 0.54512361 0.62851905 0.55126921
0.54512361 0.62851905 0.55126921 0.12623368
0.62851905 0.55126921 0.12623368 0.37398660
0.55126921 0.12623368 0.37398660 0.18326332
0.12623368 0.37398660 0.18326332 0.71288913
0.37398660 0.18326332 0.71288913 0.05447438
0.18326332 0.71288913 0.05447438 0.76188722
0.71288913 0.05447438 0.76188722 0.47465953
0.05447438 0.76188722 0.47465953 0.49164040
0.76188722 0.47465953 0.49164040 0.87827514
0.47465953 0.49164040 0.87827514 0.50811020
0.49164040 0.87827514 0.50811020 0.02504238
0.87827514 0.50811020 0.02504238 0.23714105
0.50811020 0.02504238 0.23714105 0.24414685
0.02504238 0.23714105 0.24414685 0.61216945
0.23714105 0.24414685 0.61216945 0.43454081
0.24414685 0.61216945 0.43454081 0.18690857
0.61216945 0.43454081 0.18690857 0.39965235
0.43454081 0.18690857 0.39965235 0.61268922
0.18690857 0.39965235 0.61268922 0.35901987
0.39965235 0.61268922 0.35901987 0.31923961
0.61268922 0.35901987 0.31923961 0.47517182
0.35901987 0.31923961 0.47517182 0.61902373
0.31923961 0.47517182 0.61902373 0.29506776
0.47517182 0.61902373 0.29506776 0.58385720
0.61902373 0.29506776 0.58385720 0.52221842
0.29506776 0.58385720 0.52221842 0.94242532
0.58385720 0.52221842 0.94242532 0.01695773
0.52221842 0.94242532 0.01695773 0.42197893
0.94242532 0.01695773 0.42197893 0.02420600
0.01695773 0.42197893 0.02420600 0.42408227
0.42197893 0.02420600 0.42408227 0.88337884
0.02420600 0.42408227 0.88337884 0.78879769
0.42408227 0.88337884 0.78879769 0.66335780
0.88337884 0.78879769 0.66335780 0.25497892
0.78879769 0.66335780 0.25497892 0.87600477
0.66335780 0.25497892 0.87600477 0.65393474
0.25497892 0.87600477 0.65393474 0.85284626
0.87600477 0.65393474 0.85284626 0.93934052
0.65393474 0.85284626 0.93934052 0.85362326
0.85284626 0.93934052 0.85362326 0.98251081
0.93934052 0.85362326 0.98251081 0.64940099
0.85362326 0.98251081 0.64940099 0.91643130
0.98251081 0.64940099 0.91643130 0.17827249
0.64940099 0.91643130 0.17827249 0.63721897
0.91643130 0.17827249 0.63721897 0.08169737
0.17827249 0.63721897 0.08169737 0.22324947
0.63721897 0.08169737 0.22324947 0.82758562
0.08169737 0.22324947 0.82758562 0.85143729
0.22324947 0.82758562 0.85143729 0.29768261
0.82758562 0.85143729 0.29768261 0.58824791
0.85143729 0.29768261 0.58824791 0.31170024
0.29768261 0.58824791 0.31170024 0.49771025
0.58824791 0.31170024 0.49771025 0.10510152
0.31170024 0.49771025 0.10510152 0.79935111
0.49771025 0.10510152 0.79935111 0.10016250
0.10510152 0.79935111 0.10016250 0.29364042
0.79935111 0.10016250 0.29364042 0.80855428
0.10016250 0.29364042 0.80855428 0.16168053
0.29364042 0.80855428 0.16168053 0.06779992
0.80855428 0.16168053 0.06779992 0.36557315
0.16168053 0.06779992 0.36557315 0.13133947
0.06779992 0.36557315 0.13133947 0.45385152
0.36557315 0.13133947 0.45385152 0.84436041
0.13133947 0.45385152 0.84436041 0.11157642
0.45385152 0.84436041 0.11157642 0.53013161
0.84436041 0.11157642 0.53013161 0.70565936
0.11157642 0.53013161 0.70565936 0.48938657
0.53013161 0.70565936 0.48938657 0.58556295
0.70565936 0.48938657 0.58556295 0.20762868
0.48938657 0.58556295 0.20762868 0.61279725
0.58556295 0.20762868 0.61279725 0.06930269
0.20762868 0.61279725 0.06930269 0.73724168
0.61279725 0.06930269 0.73724168 0.61490114
0.06930269 0.73724168 0.61490114 0.37404626
0.73724168 0.61490114 0.37404626 0.81371692
0.61490114 0.37404626 0.81371692 0.08780433
0.37404626 0.81371692 0.08780433 0.61021914
0.81371692 0.08780433 0.61021914 0.37814566
0.08780433 0.61021914 0.37814566 0.32323531
0.61021914 0.37814566 0.32323531 0.01691085
0.37814566 0.32323531 0.01691085 0.56916259
0.32323531 0.01691085 0.56916259 0.36152705
0.01691085 0.56916259 0.36152705 0.27345715
0.56916259 0.36152705 0.27345715 0.03228527
0.36152705 0.27345715 0.03228527 0.66226620
0.27345715 0.03228527 0.66226620 0.13799428
0.03228527 0.66226620 0.13799428 0.12481743
0.66226620 0.13799428 0.12481743 0.64962756
0.13799428 0.12481743 0.64962756 0.27038522
0.12481743 0.64962756 0.27038522 0.49906214
0.64962756 0.27038522 0.49906214 0.72421548
0.27038522 0.49906214 0.72421548 0.49729463
0.49906214 0.72421548 0.49729463 0.09490720
0.72421548 0.49729463 0.09490720 0.82443585
0.49729463 0.09490720 0.82443585 0.81483687
0.09490720 0.82443585 0.81483687 0.67065030
0.82443585 0.81483687 0.67065030 0.58204226
0.81483687 0.67065030 0.58204226 0.51183024
0.67065030 0.58204226 0.51183024 0.08167653
0.58204226 0.51183024 0.08167653 0.22008337
0.51183024 0.08167653 0.22008337 0.38310627
0.08167653 0.22008337 0.38310627 0.43353947
0.22008337 0.38310627 0.43353947 0.17533199
0.38310627 0.43353947 0.17533199 0.49140553
0.43353947 0.17533199 0.49140553 0.64901687
0.17533199 0.49140553 0.64901687 0.94801672
0.49140553 0.64901687 0.94801672 0.55278352
0.64901687 0.94801672 0.55278352 0.00006369
0.94801672 0.55278352 0.00006369 0.66107489
0.55278352 0.00006369 0.66107489 0.26161501
0.00006369 0.66107489 0.26161501 0.51891011
0.66107489 0.26161501 0.51891011 0.45105734
0.26161501 0.51891011 0.45105734 0.98301462
0.51891011 0.45105734 0.98301462 0.37018023
0.45105734 0.98301462 0.37018023 0.33935543
0.98301462 0.37018023 0.33935543 0.30195849
0.37018023 0.33935543 0.30195849 0.43187590
0.33935543 0.30195849 0.43187590 0.27202342
0.30195849 0.43187590 0.27202342 0.62663357
0.43187590 0.27202342 0.62663357 0.43923126
0.27202342 0.62663357 0.43923126 0.56069815
0.62663357 0.43923126 0.56069815 0.58758856
0.43923126 0.56069815 0.58758856 0.66933798
0.56069815 0.58758856 0.66933798 0.22209305
0.58758856 0.66933798 0.22209305 0.68156265
0.66933798 0.22209305 0.68156265 0.07126388
0.22209305 0.68156265 0.07126388 0.23005045
0.68156265 0.07126388 0.23005045 0.18008319
0.07126388 0.23005045 0.18008319 0.89695349
0.23005045 0.18008319 0.89695349 0.18969736
0.18008319 0.89695349 0.18969736 0.81520038
0.89695349 0.18969736 0.81520038 0.65836521
0.18969736 0.81520038 0.65836521 0.37577716
0.81520038 0.65836521 0.37577716 0.45687389
0.65836521 0.37577716 0.45687389 0.18739495
0.37577716 0.45687389 0.18739495 0.10254637
0.45687389 0.18739495 0.10254637 0.59750466
0.18739495 0.10254637 0.59750466 0.83735284
0.10254637 0.59750466 0.83735284 0.76617996
0.59750466 0.83735284 0.76617996 0.12870681
0.83735284 0.76617996 0.12870681 0.37948315
0.76617996 0.12870681 0.37948315 0.97905734
0.12870681 0.37948315 0.97905734 0.07185840
0.37948315 0.97905734 0.07185840 0.55618928
0.97905734 0.07185840 0.55618928 0.94742913
0.07185840 0.55618928 0.94742913 0.73255314
0.55618928 0.94742913 0.73255314 0.68004623
0.94742913 0.73255314 0.68004623 0.61693308
0.73255314 0.68004623 0.61693308 0.27591939
0.68004623 0.61693308 0.27591939 0.83653421
0.61693308 0.27591939 0.83653421 0.69440138
0.27591939 0.83653421 0.69440138 0.37335648
0.83653421 0.69440138 0.37335648 0.68840935
0.69440138 0.37335648 0.68840935 0.90041712
0.37335648 0.68840935 0.90041712 0.06384646
0.68840935 0.90041712 0.06384646 0.71412254
0.90041712 0.06384646 0.71412254 0.18628996
0.06384646 0.71412254 0.18628996 0.51317164
0.71412254 0.18628996 0.51317164 0.73545487
0.18628996 0.51317164 0.73545487 0.18723765
0.51317164 0.73545487 0.18723765 0.11570354
0.73545487 0.18723765 0.11570354 0.59798809
0.18723765 0.11570354 0.59798809 0.54648622
0.11570354 0.59798809 0.54648622 0.78771520
0.59798809 0.54648622 0.78771520 0.99359051
0.54648622 0.78771520 0.99359051 0.68961412
0.78771520 0.99359051 0.68961412 0.50800556
0.99359051 0.68961412 0.50800556 0.90173146
0.68961412 0.50800556 0.90173146 0.00708077
0.50800556 0.90173146 0.00708077 0.50049664
0.90173146 0.00708077 0.50049664 0.51034991
0.00708077 0.50049664 0.51034991 0.47998606
0.50049664 0.51034991 0.47998606 0.62209526
0.51034991 0.47998606 0.62209526 0.42488295
0.47998606 0.62209526 0.42488295 0.33019207
0.62209526 0.42488295 0.33019207 0.27429684
0.42488295 0.33019207 0.27429684 0.52869507
0.33019207 0.27429684 0.52869507 0.02865477
0.27429684 0.52869507 0.02865477 0.20311949
0.52869507 0.02865477 0.20311949 0.12540641
0.02865477 0.20311949 0.12540641 0.17317767
0.20311949 0.12540641 0.17317767 0.49701820
0.12540641 0.17317767 0.49701820 0.82542602
0.17317767 0.49701820 0.82542602 0.86339611
0.49701820 0.82542602 0.86339611 0.38694033
0.82542602 0.86339611 0.38694033 0.37109291
0.86339611 0.38694033 0.37109291 0.92067691
0.38694033 0.37109291 0.92067691 0.65520861
0.37109291 0.92067691 0.65520861 0.50545118
0.92067691 0.65520861 0.50545118 0.62069152
0.65520861 0.50545118 0.62069152 0.62966567
0.50545118 0.62069152 0.62966567 0.30880378
0.62069152 0.62966567 0.30880378 0.88791481
0.62966567 0.30880378 0.88791481 0.26842448
0.30880378 0.88791481 0.26842448 0.66495870
0.88791481 0.26842448 0.66495870 0.12267005
0.26842448 0.66495870 0.12267005 0.46088977
0.66495870 0.12267005 0.46088977 0.03401942
0.12267005 0.46088977 0.03401942 0.14214827
0.46088977 0.03401942 0.14214827 0.91926026
0.03401942 0.14214827 0.91926026 0.27939447
0.14214827 0.91926026 0.27939447 0.85137067
0.91926026 0.27939447 0.85137067 0.20437807
0.27939447 0.85137067 0.20437807 0.17630020
0.85137067 0.20437807 0.17630020 0.02537073
0.20437807 0.17630020 0.02537073 0.03052562
0.17630020 0.02537073 0.03052562 0.45449618
0.02537073 0.03052562 0.45449618 0.60175338
0.03052562 0.45449618 0.60175338 0.71184369
0.45449618 0.60175338 0.71184369 0.50138543
0.60175338 0.71184369 0.50138543 0.02455482
0.71184369 0.50138543 0.02455482 0.15576152
0.50138543 0.02455482 0.15576152 0.87898269
0.02455482 0.15576152 0.87898269 0.19701076
0.15576152 0.87898269 0.19701076 0.69557071
0.87898269 0.19701076 0.69557071 0.85231044
0.19701076 0.69557071 0.85231044 0.87056367
0.69557071 0.85231044 0.87056367 0.12666561
0.85231044 0.87056367 0.12666561 0.61407038
0.87056367 0.12666561 0.61407038 0.22628181
0.12666561 0.61407038 0.22628181 0.43341427
0.61407038 0.22628181 0.43341427 0.27613643
0.22628181 0.43341427 0.27613643 0.33240479
0.43341427 0.27613643 0.33240479 0.22914825
0.27613643 0.33240479 0.22914825 0.52610496
0.33240479 0.22914825 0.52610496 0.27314910
0.22914825 0.52610496 0.27314910 0.72155129
0.52610496 0.27314910 0.72155129 0.07479530
0.27314910 0.72155129 0.07479530 0.08177394
0.72155129 0.07479530 0.08177394 0.03911198
0.07479530 0.08177394 0.03911198 0.53048230
0.08177394 0.03911198 0.53048230 0.80699221
0.03911198 0.53048230 0.80699221 0.47758690
0.53048230 0.80699221 0.47758690 0.89926417
0.80699221 0.47758690 0.89926417 0.67108734
0.47758690 0.89926417 0.67108734 0.70696089
0.89926417 0.67108734 0.70696089 0.00408518
0.67108734 0.70696089 0.00408518 0.12956301
0.70696089 0.00408518 0.12956301 0.95837397
0.00408518 0.12956301 0.95837397 0.53808035
0.12956301 0.95837397 0.53808035 0.44639079
0.95837397 0.53808035 0.44639079 0.23434249
0.53808035 0.44639079 0.23434249 0.09027424
0.44639079 0.23434249 0.09027424 0.84205595
0.23434249 0.09027424 0.84205595 0.69483092
0.09027424 0.84205595 0.69483092 0.32278303
0.84205595 0.69483092 0.32278303 0.65463970
0.69483092 0.32278303 0.65463970 0.30374745
0.32278303 0.65463970 0.30374745 0.71786134
0.65463970 0.30374745 0.71786134 0.17627972
0.30374745 0.71786134 0.17627972 0.32376287
0.71786134 0.17627972 0.32376287 0.85575254
0.17627972 0.32376287 0.85575254 0.31177973
0.32376287 0.85575254 0.31177973 0.74658673
0.85575254 0.31177973 0.74658673 0.98939797
0.31177973 0.74658673 0.98939797 0.21483560
0.74658673 0.98939797 0.21483560 0.93611299
0.98939797 0.21483560 0.93611299 0.13702689
0.21483560 0.93611299 0.13702689 0.39442593
0.93611299 0.13702689 0.39442593 0.63325336
0.13702689 0.39442593 0.63325336 0.23839235
0.39442593 0.63325336 0.23839235 0.53182458
0.63325336 0.23839235 0.53182458 0.95079017
0.23839235 0.53182458 0.95079017 0.48714015
0.53182458 0.95079017 0.48714015 0.76357323
0.95079017 0.48714015 0.76357323 0.58432315
0.48714015 0.76357323 0.58432315 0.35900836
0.76357323 0.58432315 0.35900836 0.76084961
0.58432315 0.35900836 0.76084961 0.41339121
0.35900836 0.76084961 0.41339121 0.76093242
0.76084961 0.41339121 0.76093242 0.29084844
0.41339121 0.76093242 0.29084844 0.35680351
0.76093242 0.29084844 0.35680351 0.30920500
0.29084844 0.35680351 0.30920500 0.81389677
0.35680351 0.30920500 0.81389677 0.21221870
0.30920500 0.81389677 0.21221870 0.02890975
0.81389677 0.21221870 0.02890975 0.71333105
0.21221870 0.02890975 0.71333105 0.44851598
0.02890975 0.71333105 0.44851598 0.67513777
0.71333105 0.44851598 0.67513777 0.84755093
0.44851598 0.67513777 0.84755093 0.78762895
0.67513777 0.84755093 0.78762895 0.28149617
0.84755093 0.78762895 0.28149617 0.83027604
0.78762895 0.28149617 0.83027604 0.72199153
0.28149617 0.83027604 0.72199153 0.48668871
0.83027604 0.72199153 0.48668871 0.57567861
0.72199153 0.48668871 0.57567861 0.60754763
0.48668871 0.57567861 0.60754763 0.53680223
0.57567861 0.60754763 0.53680223 0.42494437
0.60754763 0.53680223 0.42494437 0.05926165
0.53680223 0.42494437 0.05926165 0.27034156
0.42494437 0.05926165 0.27034156 0.09306209
0.05926165 0.27034156 0.09306209 0.71383787
0.27034156 0.09306209 0.71383787 0.95957158
0.09306209 0.71383787 0.95957158 0.35913788
0.71383787 0.95957158 0.35913788 0.44986209
0.95957158 0.35913788 0.44986209 0.32447352
0.35913788 0.44986209 0.32447352 0.40619272
0.44986209 0.32447352 0.40619272 0.56063283
0.32447352 0.40619272 0.56063283 0.10963666
0.40619272 0.56063283 0.10963666 0.82504255
0.56063283 0.10963666 0.82504255 0.75765531
0.10963666 0.82504255 0.75765531 0.48015079
0.82504255 0.75765531 0.48015079 0.23213062
0.75765531 0.48015079 0.23213062 0.28400555
0.48015079 0.23213062 0.28400555 0.36312277
0.23213062 0.28400555 0.36312277 0.48854087
0.28400555 0.36312277 0.48854087 0.88712056
0.36312277 0.48854087 0.88712056 0.24614267
0.48854087 0.88712056 0.24614267 0.50232179
0.88712056 0.24614267 0.50232179 0.56312254
0.24614267 0.50232179 0.56312254 0.80845869
0.50232179 0.56312254 0.80845869 0.03979781
0.56312254 0.80845869 0.03979781 0.19289717
0.80845869 0.03979781 0.19289717 0.41128505
0.03979781 0.19289717 0.41128505 0.06835562
0.19289717 0.41128505 0.06835562 0.02831448
0.41128505 0.06835562 0.02831448 0.63297297
0.06835562 0.02831448 0.63297297 0.56796739
0.02831448 0.63297297 0.56796739 0.48427351
0.63297297 0.56796739 0.48427351 0.98550050
0.56796739 0.48427351 0.98550050 0.44637268
0.48427351 0.98550050 0.44637268 0.60276168
0.98550050 0.44637268 0.60276168 0.94269603
0.44637268 0.60276168 0.94269603 0.04463783
0.60276168 0.94269603 0.04463783 0.41815812
0.94269603 0.04463783 0.41815812 0.86752842
0.04463783 0.41815812 0.86752842 0.69158803
0.41815812 0.86752842 0.69158803 0.42829817
0.86752842 0.69158803 0.42829817 0.19306047
0.69158803 0.42829817 0.19306047 0.46756144
0.42829817 0.19306047 0.46756144 0.46705508
0.19306047 0.46756144 0.46705508 0.25285059
0.46756144 0.46705508 0.25285059 0.11470577
0.46705508 0.25285059 0.11470577 0.59128260
0.25285059 0.11470577 0.59128260 0.71671829
0.11470577 0.59128260 0.71671829 0.31128943
0.59128260 0.71671829 0.31128943 0.07047221
0.71671829 0.31128943 0.07047221 0.23020207
0.31128943 0.07047221 0.23020207 0.58463244
0.07047221 0.23020207 0.58463244 0.46464560
0.23020207 0.58463244 0.46464560 0.17958995
0.58463244 0.46464560 0.17958995 0.32191250
0.46464560 0.17958995 0.32191250 0.85445246
0.17958995 0.32191250 0.85445246 0.93068460
0.32191250 0.85445246 0.93068460 0.37351007
0.85445246 0.93068460 0.37351007 0.44587505
0.93068460 0.37351007 0.44587505 0.54576771
0.37351007 0.44587505 0.54576771 0.28828212
0.44587505 0.54576771 0.28828212 0.44700266
0.54576771 0.28828212 0.44700266 0.46299511
0.28828212 0.44700266 0.46299511 0.24722575
0.44700266 0.46299511 0.24722575 0.99499099
0.46299511 0.24722575 0.99499099 0.29393756
0.24722575 0.99499099 0.29393756 0.35021048
0.99499099 0.29393756 0.35021048 0.80336833
0.29393756 0.35021048 0.80336833 0.70493421
0.35021048 0.80336833 0.70493421 0.74810909
0.80336833 0.70493421 0.74810909 0.04134980
0.70493421 0.74810909 0.04134980 0.79954001
0.74810909 0.04134980 0.79954001 0.93309641
0.04134980 0.79954001 0.93309641 0.87966889
0.79954001 0.93309641 0.87966889 0.72397112
0.93309641 0.87966889 0.72397112 0.96054479
0.87966889 0.72397112 0.96054479 0.47399232
0.72397112 0.96054479 0.47399232 0.95177734
0.96054479 0.47399232 0.95177734 0.83035614
0.47399232 0.95177734 0.83035614 0.13252392
0.95177734 0.83035614 0.13252392 0.81033752
0.83035614 0.13252392 0.81033752 0.27472550
0.13252392 0.81033752 0.27472550 0.49784431
0.81033752 0.27472550 0.49784431 0.11918195
0.27472550 0.49784431 0.11918195 0.88866496
0.49784431 0.11918195 0.88866496 0.15404553
0.11918195 0.88866496 0.15404553 0.49417144
0.88866496 0.15404553 0.49417144 0.78578405
0.15404553 0.49417144 0.78578405 0.06395729
0.49417144 0.78578405 0.06395729 0.67950739
0.78578405 0.06395729 0.67950739 0.05413235
0.06395729 0.67950739 0.05413235 0.20069840
0.67950739 0.05413235 0.20069840 0.72579604
0.05413235 0.20069840 0.72579604 0.90603577
0.20069840 0.72579604 0.90603577 0.21338505
0.72579604 0.90603577 0.21338505 0.26337899
0.90603577 0.21338505 0.26337899 0.80955440
0.21338505 0.26337899 0.80955440 0.75520452
0.26337899 0.80955440 0.75520452 0.78389292
0.80955440 0.75520452 0.78389292 0.30855642
0.75520452 0.78389292 0.30855642 0.13152150
0.78389292 0.30855642 0.13152150 0.29238642
0.30855642 0.13152150 0.29238642 0.96837444
0.13152150 0.29238642 0.96837444 0.95289158
0.29238642 0.96837444 0.95289158 0.19945495
0.96837444 0.95289158 0.19945495 0.85999628
0.95289158 0.19945495 0.85999628 0.08657697
0.19945495 0.85999628 0.08657697 0.40101958
0.85999628 0.08657697 0.40101958 0.74002791
0.08657697 0.40101958 0.74002791 0.93841954
0.40101958 0.74002791 0.93841954 0.07335295
0.74002791 0.93841954 0.07335295 0.65987735
0.93841954 0.07335295 0.65987735 0.91781440
0.07335295 0.65987735 0.91781440 0.60354046
0.65987735 0.91781440 0.60354046 0.39981776
0.91781440 0.60354046 0.39981776 0.04978112
0.60354046 0.39981776 0.04978112 0.56146752
0.39981776 0.04978112 0.56146752 0.83907135
0.04978112 0.56146752 0.83907135 0.88523279
0.56146752 0.83907135 0.88523279 0.66939820
0.83907135 0.88523279 0.66939820 0.00660724
0.88523279 0.66939820 0.00660724 0.97529986
0.66939820 0.00660724 0.97529986 0.55612216
0.00660724 0.97529986 0.55612216 0.27670222
0.97529986 0.55612216 0.27670222 0.37065437
0.55612216 0.27670222 0.37065437 0.97496387
0.27670222 0.37065437 0.97496387 0.06650198
0.37065437 0.97496387 0.06650198 0.53516072
0.97496387 0.06650198 0.53516072 0.04175421
0.06650198 0.53516072 0.04175421 0.10768599
0.53516072 0.04175421 0.10768599 0.71337827
0.04175421 0.10768599 0.71337827 0.03285136
0.10768599 0.71337827 0.03285136 0.82984894
0.71337827 0.03285136 0.82984894 0.35076470
0.03285136 0.82984894 0.35076470 0.70033360
0.82984894 0.35076470 0.70033360 0.13271768
0.35076470 0.70033360 0.13271768 0.72648527
0.70033360 0.13271768 0.72648527 0.03043906
0.13271768 0.72648527 0.03043906 0.79518055
0.72648527 0.03043906 0.79518055 0.29821335
0.03043906 0.79518055 0.29821335 0.44515487
0.79518055 0.29821335 0.44515487 0.90569261
0.29821335 0.44515487 0.90569261 0.77001428
0.44515487 0.90569261 0.77001428 0.93414162
0.90569261 0.77001428 0.93414162 0.60169888
0.77001428 0.93414162 0.60169888 0.93626968
0.93414162 0.60169888 0.93626968 0.19621265
0.60169888 0.93626968 0.19621265 0.29734735
0.93626968 0.19621265 0.29734735 0.10531500
0.19621265 0.29734735 0.10531500 0.20879783
0.29734735 0.10531500 0.20879783 0.08008988
0.10531500 0.20879783 0.08008988 0.41074823
0.20879783 0.08008988 0.41074823 0.07753981
0.08008988 0.41074823 0.07753981 0.69083252
0.41074823 0.07753981 0.69083252 0.35666284
0.07753981 0.69083252 0.35666284 0.81500224
0.69083252 0.35666284 0.81500224 0.79555053
0.35666284 0.81500224 0.79555053 0.94394824
0.81500224 0.79555053 0.94394824 0.75969857
0.79555053 0.94394824 0.75969857 0.57087257
0.94394824 0.75969857 0.57087257 0.11331315
0.75969857 0.57087257 0.11331315 0.08884777
0.57087257 0.11331315 0.08884777 0.60487273
0.11331315 0.08884777 0.60487273 0.71379127
0.08884777 0.60487273 0.71379127 0.00432096
0.60487273 0.71379127 0.00432096 0.89133057
0.71379127 0.00432096 0.89133057 0.27578363
0.00432096 0.89133057 0.27578363 0.59950437
0.89133057 0.27578363 0.59950437 0.07687165
0.27578363 0.59950437 0.07687165 0.06122452
0.59950437 0.07687165 0.06122452 0.18233459
0.07687165 0.06122452 0.18233459 0.31691192
0.06122452 0.18233459 0.31691192 0.54902251
0.18233459 0.31691192 0.54902251 0.23870155
0.31691192 0.54902251 0.23870155 0.90581735
0.54902251 0.23870155 0.90581735 0.62866357
0.23870155 0.90581735 0.62866357 0.22872465
0.90581735 0.62866357 0.22872465 0.61922461
0.62866357 0.22872465 0.61922461 0.31222205
0.22872465 0.61922461 0.31222205 0.36363193
0.61922461 0.31222205 0.36363193 0.21380855
0.31222205 0.36363193 0.21380855 0.66595251
0.36363193 0.21380855 0.66595251 0.55187889
0.21380855 0.66595251 0.55187889 0.67946981
0.66595251 0.55187889 0.67946981 0.36140107
0.55187889 0.67946981 0.36140107 0.04202163
0.67946981 0.36140107 0.04202163 0.58380681
0.36140107 0.04202163 0.58380681 0.42903725
0.04202163 0.58380681 0.42903725 0.87706111
0.58380681 0.42903725 0.87706111 0.52373852
0.42903725 0.87706111 0.52373852 0.42885247
0.87706111 0.52373852 0.42885247 0.02909352
0.52373852 0.42885247 0.02909352 0.35983427
0.42885247 0.02909352 0.35983427 0.74911988
0.02909352 0.35983427 0.74911988 0.75045981
0.35983427 0.74911988 0.75045981 0.30735185
0.74911988 0.75045981 0.30735185 0.56136696
0.75045981 0.30735185 0.56136696 0.63549422
0.30735185 0.56136696 0.63549422 0.77571812
0.56136696 0.63549422 0.77571812 0.22169874
0.63549422 0.77571812 0.22169874 0.31539785
0.77571812 0.22169874 0.31539785 0.81058781
0.22169874 0.31539785 0.81058781 0.51545523
0.31539785 0.81058781 0.51545523 0.74953326
0.81058781 0.51545523 0.74953326 0.86698645
0.51545523 0.74953326 0.86698645 0.33563629
0.74953326 0.86698645 0.33563629 0.55134991
0.86698645 0.33563629 0.55134991 0.55458944
0.33563629 0.55134991 0.55458944 0.07970747
0.55134991 0.55458944 0.07970747 0.50744156
0.55458944 0.07970747 0.50744156 0.35035070
0.07970747 0.50744156 0.35035070 0.55662542
0.50744156 0.35035070 0.55662542 0.92532763
0.35035070 0.55662542 0.92532763 0.98724612
0.55662542 0.92532763 0.98724612 0.35176125
0.92532763 0.98724612 0.35176125 0.22837297
0.98724612 0.35176125 0.22837297 0.11533230
0.35176125 0.22837297 0.11533230 0.43727814
0.22837297 0.11533230 0.43727814 0.05997022
0.11533230 0.43727814 0.05997022 0.77768720
0.43727814 0.05997022 0.77768720 0.68217271
0.05997022 0.77768720 0.68217271 0.60853050
0.77768720 0.68217271 0.60853050 0.69126133
0.68217271 0.60853050 0.69126133 0.65308158
0.60853050 0.69126133 0.65308158 0.07584078
0.69126133 0.65308158 0.07584078 0.81730170
0.65308158 0.07584078 0.81730170 0.96068354
0.07584078 0.81730170 0.96068354 0.79438150
0.81730170 0.96068354 0.79438150 0.68937673
0.96068354 0.79438150 0.68937673 0.38809476
0.79438150 0.68937673 0.38809476 0.74103162
0.68937673 0.38809476 0.74103162 0.61412733
0.38809476 0.74103162 0.61412733 0.23271288
0.74103162 0.61412733 0.23271288 0.19444346
0.61412733 0.23271288 0.19444346 0.83986219
0.23271288 0.19444346 0.83986219 0.97456413
0.19444346 0.83986219 0.97456413 0.05560787
0.83986219 0.97456413 0.05560787 0.44677359
0.97456413 0.05560787 0.44677359 0.30886555
0.05560787 0.44677359 0.30886555 0.42329680
0.44677359 0.30886555 0.42329680 0.15249604
0.30886555 0.42329680 0.15249604 0.66664260
0.42329680 0.15249604 0.66664260 0.83097192
0.15249604 0.66664260 0.83097192 0.02043173
0.66664260 0.83097192 0.02043173 0.49954088
0.83097192 0.02043173 0.49954088 0.42344671
0.02043173 0.49954088 0.42344671 0.58242874
0.49954088 0.42344671 0.58242874 0.12815118
0.42344671 0.58242874 0.12815118 0.41197749
0.58242874 0.12815118 0.41197749 0.03012622
0.12815118 0.41197749 0.03012622 0.10371245
0.41197749 0.03012622 0.10371245 0.10416457
0.03012622 0.10371245 0.10416457 0.08126980
0.10371245 0.10416457 0.08126980 0.51350030
0.10416457 0.08126980 0.51350030 0.82685044
0.08126980 0.51350030 0.82685044 0.63772992
0.51350030 0.82685044 0.63772992 0.37816898
0.82685044 0.63772992 0.37816898 0.50247122
0.63772992 0.37816898 0.50247122 0.69190689
0.37816898 0.50247122 0.69190689 0.95813429
0.50247122 0.69190689 0.95813429 0.40938284
0.69190689 0.95813429 0.40938284 0.46707030
0.95813429 0.40938284 0.46707030 0.17023294
0.40938284 0.46707030 0.17023294 0.65361348
0.46707030 0.17023294 0.65361348 0.43012033
0.17023294 0.65361348 0.43012033 0.88870829
0.65361348 0.43012033 0.88870829 0.79609399
0.43012033 0.88870829 0.79609399 0.83366450
0.88870829 0.79609399 0.83366450 0.77009824
0.79609399 0.83366450 0.77009824 0.98725618
0.83366450 0.77009824 0.98725618 0.26642785
0.77009824 0.98725618 0.26642785 0.20374695
0.98725618 0.26642785 0.20374695 0.22089636
0.26642785 0.20374695 0.22089636 0.68048259
0.20374695 0.22089636 0.68048259 0.14514529
0.22089636 0.68048259 0.14514529 0.39511028
0.68048259 0.14514529 0.39511028 0.42123396
0.14514529 0.39511028 0.42123396 0.33196150
0.39511028 0.42123396 0.33196150 0.84392394
0.42123396 0.33196150 0.84392394 0.54125350
0.33196150 0.84392394 0.54125350 0.70948372
0.84392394 0.54125350 0.70948372 0.05193739
0.54125350 0.70948372 0.05193739 0.54256256
0.70948372 0.05193739 0.54256256 0.75624892
0.05193739 0.54256256 0.75624892 0.41188398
0.54256256 0.75624892 0.41188398 0.19007665
0.75624892 0.41188398 0.19007665 0.56898144
0.41188398 0.19007665 0.56898144 0.18125461
0.19007665 0.56898144 0.18125461 0.54815747
0.56898144 0.18125461 0.54815747 0.67602696
0.18125461 0.54815747 0.67602696 0.99631998
0.54815747 0.67602696 0.99631998 0.01575916
0.67602696 0.99631998 0.01575916 0.72493759
0.99631998 0.01575916 0.72493759 0.25139923
0.01575916 0.72493759 0.25139923 0.64164202
0.72493759 0.25139923 0.64164202 0.12543591
0.25139923 0.64164202 0.12543591 0.06129129
0.64164202 0.12543591 0.06129129 0.77819296
0.12543591 0.06129129 0.77819296 0.39504814
0.06129129 0.77819296 0.39504814 0.04276215
0.77819296 0.39504814 0.04276215 0.45004356
0.39504814 0.04276215 0.45004356 0.97366205
0.04276215 0.45004356 0.97366205 0.23645063
0.45004356 0.97366205 0.23645063 0.46849280
0.97366205 0.23645063 0.46849280 0.17246338
0.23645063 0.46849280 0.17246338 0.24862219
0.46849280 0.17246338 0.24862219 0.97886133
0.17246338 0.24862219 0.97886133 0.40224214
0.24862219 0.97886133 0.40224214 0.38908746
0.97886133 0.40224214 0.38908746 0.73397829
0.40224214 0.38908746 0.73397829 0.83360583
0.38908746 0.73397829 0.83360583 0.69174260
0.73397829 0.83360583 0.69174260 0.43694045
0.83360583 0.69174260 0.43694045 0.33799512
0.69174260 0.43694045 0.33799512 0.94121512
0.43694045 0.33799512 0.94121512 0.75600960
0.33799512 0.94121512 0.75600960 0.58013659
0.94121512 0.75600960 0.58013659 0.70885752
0.75600960 0.58013659 0.70885752 0.57109341
0.58013659 0.70885752 0.57109341 0.20212960
0.70885752 0.57109341 0.20212960 0.56922407
0.57109341 0.20212960 0.56922407 0.01268912
0.20212960 0.56922407 0.01268912 0.07930152
0.56922407 0.01268912 0.07930152 0.92968864
0.01268912 0.07930152 0.92968864 0.89876669
0.07930152 0.92968864 0.89876669 0.00956713
0.92968864 0.89876669 0.00956713 0.95761259
0.89876669 0.00956713 0.95761259 0.48314196
0.00956713 0.95761259 0.48314196 0.60235672
0.95761259 0.48314196 0.60235672 0.20900018
0.48314196 0.60235672 0.20900018 0.92285122
0.60235672 0.20900018 0.92285122 0.54283711
0.20900018 0.92285122 0.54283711 0.68915446
0.92285122 0.54283711 0.68915446 0.65697622
0.54283711 0.68915446 0.65697622 0.87471885
0.68915446 0.65697622 0.87471885 0.30458363
0.65697622 0.87471885 0.30458363 0.06512893
0.87471885 0.30458363 0.06512893 0.65773226
0.30458363 0.06512893 0.65773226 0.56396468
0.06512893 0.65773226 0.56396468 0.70426440
0.65773226 0.56396468 0.70426440 0.75928870
0.56396468 0.70426440 0.75928870 0.01903693
0.70426440 0.75928870 0.01903693 0.87111919
0.75928870 0.01903693 0.87111919 0.03140675
0.01903693 0.87111919 0.03140675 0.51584961
0.87111919 0.03140675 0.51584961 0.10318948
0.03140675 0.51584961 0.10318948 0.52324735
0.51584961 0.10318948 0.52324735 0.79545984
0.10318948 0.52324735 0.79545984 0.03837437
0.52324735 0.79545984 0.03837437 0.51426998
0.79545984 0.03837437 0.51426998 0.15873620
0.03837437 0.51426998 0.15873620 0.88914365
0.51426998 0.15873620 0.88914365 0.27104446
0.15873620 0.88914365 0.27104446 0.03980293
0.88914365 0.27104446 0.03980293 0.98898418
0.27104446 0.03980293 0.98898418 0.16947338
0.03980293 0.98898418 0.16947338 0.73134050
0.98898418 0.16947338 0.73134050 0.63503033
0.16947338 0.73134050 0.63503033 0.23895968
0.73134050 0.63503033 0.23895968 0.18207744
0.63503033 0.23895968 0.18207744 0.64141977
0.23895968 0.18207744 0.64141977 0.44834101
0.18207744 0.64141977 0.44834101 0.35413321
0.64141977 0.44834101 0.35413321 0.37349471
0.44834101 0.35413321 0.37349471 0.18402193
0.35413321 0.37349471 0.18402193 0.62855674
0.37349471 0.18402193 0.62855674 0.12569114
0.18402193 0.62855674 0.12569114 0.38547163
0.62855674 0.12569114 0.38547163 0.15153000
0.12569114 0.38547163 0.15153000 0.38288018
0.38547163 0.15153000 0.38288018 0.52299937
0.15153000 0.38288018 0.52299937 0.29569182
0.38288018 0.52299937 0.29569182 0.67585148
0.52299937 0.29569182 0.67585148 0.08934629
0.29569182 0.67585148 0.08934629 0.77669477
0.67585148 0.08934629 0.77669477 0.58039451
0.08934629 0.77669477 0.58039451 0.62443045
0.77669477 0.58039451 0.62443045 0.40241715
0.58039451 0.62443045 0.40241715 0.68255920
0.62443045 0.40241715 0.68255920 0.64580042
0.40241715 0.68255920 0.64580042 0.61152224
0.68255920 0.64580042 0.61152224 0.57671075
0.64580042 0.61152224 0.57671075 0.76020571
0.61152224 0.57671075 0.76020571 0.29048521
0.57671075 0.76020571 0.29048521 0.91253605
0.76020571 0.29048521 0.91253605 0.02392112
0.29048521 0.91253605 0.02392112 0.93618316
0.91253605 0.02392112 0.93618316 0.92299493
0.02392112 0.93618316 0.92299493 0.73228659
0.93618316 0.92299493 0.73228659 0.17083947
0.92299493 0.73228659 0.17083947 0.00121783
0.73228659 0.17083947 0.00121783 0.13219998
0.17083947 0.00121783 0.13219998 0.67558672
0.00121783 0.13219998 0.67558672 0.78001319
0.13219998 0.67558672 0.78001319 0.24866878
0.67558672 0.78001319 0.24866878 0.57596661
0.78001319 0.24866878 0.57596661 0.67527976
0.24866878 0.57596661 0.67527976 0.89147125
0.57596661 0.67527976 0.89147125 0.99981138
0.67527976 0.89147125 0.99981138 0.88658562
0.89147125 0.99981138 0.88658562 0.59922087
0.99981138 0.88658562 0.59922087 0.94912215
0.88658562 0.59922087 0.94912215 0.19370984
0.59922087 0.94912215 0.19370984 0.92332342
0.94912215 0.19370984 0.92332342 0.38499847
0.19370984 0.92332342 0.38499847 0.61224307
0.92332342 0.38499847 0.61224307 0.07797711
0.38499847 0.61224307 0.07797711 0.12912909
0.61224307 0.07797711 0.12912909 0.29371538
0.07797711 0.12912909 0.29371538 0.49116312
0.12912909 0.29371538 0.49116312 0.46499215
0.29371538 0.49116312 0.46499215 0.42604510
0.49116312 0.46499215 0.42604510 0.66315568
0.46499215 0.42604510 0.66315568 0.53971376
0.42604510 0.66315568 0.53971376 0.17726474
0.66315568 0.53971376 0.17726474 0.84531961
0.53971376 0.17726474 0.84531961 0.27024526
0.17726474 0.84531961 0.27024526 0.32234116
0.84531961 0.27024526 0.32234116 0.24283264
0.27024526 0.32234116 0.24283264 0.30231583
0.32234116 0.24283264 0.30231583 0.42229338
0.24283264 0.30231583 0.42229338 0.10595129
0.30231583 0.42229338 0.10595129 0.81665201
0.42229338 0.10595129 0.81665201 0.75991691
0.10595129 0.81665201 0.75991691 0.21014818
0.81665201 0.75991691 0.21014818 0.14559607
0.75991691 0.21014818 0.14559607 0.01212516
0.21014818 0.14559607 0.01212516 0.38216221
0.14559607 0.01212516 0.38216221 0.89812394
0.01212516 0.38216221 0.89812394 0.79947090
0.38216221 0.89812394 0.79947090 0.52880568
0.89812394 0.79947090 0.52880568 0.96265528
0.79947090 0.52880568 0.96265528 0.46011694
0.52880568 0.96265528 0.46011694 0.13560827
0.96265528 0.46011694 0.13560827 0.28369930
0.46011694 0.13560827 0.28369930 0.95585368
0.13560827 0.28369930 0.95585368 0.66437329
0.28369930 0.95585368 0.66437329 0.99297361
0.95585368 0.66437329 0.99297361 0.94807190
0.66437329 0.99297361 0.94807190 0.48856115
0.99297361 0.94807190 0.48856115 0.42317367
0.94807190 0.48856115 0.42317367 0.54420194
0.48856115 0.42317367 0.54420194 0.27043839
0.42317367 0.54420194 0.27043839 0.83405467
0.54420194 0.27043839 0.83405467 0.51800028
0.27043839 0.83405467 0.51800028 0.53159665
0.83405467 0.51800028 0.53159665 0.00717219
0.51800028 0.53159665 0.00717219 0.03965139
0.53159665 0.00717219 0.03965139 0.33183703
0.00717219 0.03965139 0.33183703 0.50359378
0.03965139 0.33183703 0.50359378 0.43859556
0.33183703 0.50359378 0.43859556 0.43535336
0.50359378 0.43859556 0.43535336 0.72515050
0.43859556 0.43535336 0.72515050 0.30426401
0.43535336 0.72515050 0.30426401 0.32418126
0.72515050 0.30426401 0.32418126 0.19813062
0.30426401 0.32418126 0.19813062 0.86602644
0.32418126 0.19813062 0.86602644 0.63381009
0.19813062 0.86602644 0.63381009 0.49567073
0.86602644 0.63381009 0.49567073 0.47542837
0.63381009 0.49567073 0.47542837 0.36048261
0.49567073 0.47542837 0.36048261 0.97103830
0.47542837 0.36048261 0.97103830 0.37416322
0.36048261 0.97103830 0.37416322 0.48559627
0.97103830 0.37416322 0.48559627 0.89016114
0.37416322 0.48559627 0.89016114 0.08348483
0.48559627 0.89016114 0.08348483 0.47498037
0.89016114 0.08348483 0.47498037 0.72670823
0.08348483 0.47498037 0.72670823 0.94895856
0.47498037 0.72670823 0.94895856 0.16174976
0.72670823 0.94895856 0.16174976 0.51435993
0.94895856 0.16174976 0.51435993 0.98031009
0.16174976 0.51435993 0.98031009 0.30748661
0.51435993 0.98031009 0.30748661 0.04517498
0.98031009 0.30748661 0.04517498 0.00673227
0.30748661 0.04517498 0.00673227 0.69162950
0.04517498 0.00673227 0.69162950 0.52388711
0.00673227 0.69162950 0.52388711 0.89289740
0.69162950 0.52388711 0.89289740 0.63871772
0.52388711 0.89289740 0.63871772 0.47210916
0.89289740 0.63871772 0.47210916 0.73350585
0.63871772 0.47210916 0.73350585 0.79866400
0.47210916 0.73350585 0.79866400 0.34935491
0.73350585 0.79866400 0.34935491 0.37582210
0.79866400 0.34935491 0.37582210 0.04189437
0.34935491 0.37582210 0.04189437 0.43551523
0.37582210 0.04189437 0.43551523 0.46204694
0.04189437 0.43551523 0.46204694 0.59208780
0.43551523 0.46204694 0.59208780 0.75160197
0.46204694 0.59208780 0.75160197 0.40088630
0.59208780 0.75160197 0.40088630 0.35473346
0.75160197 0.40088630 0.35473346 0.71983014
0.40088630 0.35473346 0.71983014 0.08090427
0.35473346 0.71983014 0.08090427 0.61933971
0.71983014 0.08090427 0.61933971 0.17652307
0.08090427 0.61933971 0.17652307 0.42251518
0.61933971 0.17652307 0.42251518 0.37321957
0.17652307 0.42251518 0.37321957 0.04358643
0.42251518 0.37321957 0.04358643 0.51668464
0.37321957 0.04358643 0.51668464 0.79265969
0.04358643 0.51668464 0.79265969 0.20382627
0.51668464 0.79265969 0.20382627 0.29731554
0.79265969 0.20382627 0.29731554 0.25425901
0.20382627 0.29731554 0.25425901 0.84178752
0.29731554 0.25425901 0.84178752 0.26082249
0.25425901 0.84178752 0.26082249 0.76962756
0.84178752 0.26082249 0.76962756 0.07064561
0.26082249 0.76962756 0.07064561 0.27026274
0.76962756 0.07064561 0.27026274 0.96046400
0.07064561 0.27026274 0.96046400 0.88008815
0.27026274 0.96046400 0.88008815 0.61516838
0.96046400 0.88008815 0.61516838 0.23219122
0.88008815 0.61516838 0.23219122 0.08195444
0.61516838 0.23219122 0.08195444 0.63169707
0.23219122 0.08195444 0.63169707 0.21211277
0.08195444 0.63169707 0.21211277 0.38057830
0.63169707 0.21211277 0.38057830 0.53252967
0.21211277 0.38057830 0.53252967 0.70074255
0.38057830 0.53252967 0.70074255 0.99409843
0.53252967 0.70074255 0.99409843 0.12845231
0.70074255 0.99409843 0.12845231 0.86796578
0.99409843 0.12845231 0.86796578 0.84217941
0.12845231 0.86796578 0.84217941 0.65177820
0.86796578 0.84217941 0.65177820 0.05520552
0.84217941 0.65177820 0.05520552 0.65694867
0.65177820 0.05520552 0.65694867 0.61306567
0.05520552 0.65694867 0.61306567 0.66645933
0.65694867 0.61306567 0.66645933 0.38193493
0.61306567 0.66645933 0.38193493 0.65407541
0.66645933 0.38193493 0.65407541 0.56040554
0.38193493 0.65407541 0.56040554 0.76865766
0.65407541 0.56040554 0.76865766 0.73791778
0.56040554 0.76865766 0.73791778 0.61026422
0.76865766 0.73791778 0.61026422 0.97336992
0.73791778 0.61026422 0.97336992 0.97498569
0.61026422 0.97336992 0.97498569 0.10641524
0.97336992 0.97498569 0.10641524 0.92816920
0.97498569 0.10641524 0.92816920 0.17045591
0.10641524 0.92816920 0.17045591 0.42735472
0.92816920 0.17045591 0.42735472 0.59057246
0.17045591 0.42735472 0.59057246 0.01846703
0.42735472 0.59057246 0.01846703 0.38416115
0.59057246 0.01846703 0.38416115 0.88754231
0.01846703 0.38416115 0.88754231 0.56906183
0.38416115 0.88754231 0.56906183 0.49936546
0.88754231 0.56906183 0.49936546 0.46418349
0.56906183 0.49936546 0.46418349 0.59702193
0.49936546 0.46418349 0.59702193 0.10567576
0.46418349 0.59702193 0.10567576 0.86893397
0.59702193 0.10567576 0.86893397 0.15471235
0.10567576 0.86893397 0.15471235 0.16841566
0.86893397 0.15471235 0.16841566 0.63898642
0.15471235 0.16841566 0.63898642 0.79869028
0.16841566 0.63898642 0.79869028 0.50994475
0.63898642 0.79869028 0.50994475 0.40177174
0.79869028 0.50994475 0.40177174 0.63595600
0.50994475 0.40177174 0.63595600 0.56121911
0.40177174 0.63595600 0.56121911 0.21133052
0.63595600 0.56121911 0.21133052 0.34194389
0.56121911 0.21133052 0.34194389 0.77498435
0.21133052 0.34194389 0.77498435 0.41377249
0.34194389 0.77498435 0.41377249 0.76570289
0.77498435 0.41377249 0.76570289 0.56700971
0.41377249 0.76570289 0.56700971 0.84083151
0.76570289 0.56700971 0.84083151 0.61252091
0.56700971 0.84083151 0.61252091 0.40114932
0.84083151 0.61252091 0.40114932 0.14922818
0.61252091 0.40114932 0.14922818 0.42586363
0.40114932 0.14922818 0.42586363 0.51761095
0.14922818 0.42586363 0.51761095 0.31443750
0.42586363 0.51761095 0.31443750 0.10607280
0.51761095 0.31443750 0.10607280 0.12841990
0.31443750 0.10607280 0.12841990 0.02626184
0.10607280 0.12841990 0.02626184 0.81699370
0.12841990 0.02626184 0.81699370 0.62080869
0.02626184 0.81699370 0.62080869 0.59475391
0.81699370 0.62080869 0.59475391 0.72503784
0.62080869 0.59475391 0.72503784 0.05751191
0.59475391 0.72503784 0.05751191 0.07280421
0.72503784 0.05751191 0.07280421 0.17252517
0.05751191 0.07280421 0.17252517 0.48975278
0.07280421 0.17252517 0.48975278 0.89669117
0.17252517 0.48975278 0.89669117 0.78862088
0.48975278 0.89669117 0.78862088 0.73526990
0.89669117 0.78862088 0.73526990 0.20534609
0.78862088 0.73526990 0.20534609 0.33606716
0.73526990 0.20534609 0.33606716 0.14515655
0.20534609 0.33606716 0.14515655 0.43389353
0.33606716 0.14515655 0.43389353 0.36513683
0.14515655 0.43389353 0.36513683 0.62579782
0.43389353 0.36513683 0.62579782 0.47511066
0.36513683 0.62579782 0.47511066 0.89073487
0.62579782 0.47511066 0.89073487 0.18446609
0.47511066 0.89073487 0.18446609 0.45332632
0.89073487 0.18446609 0.45332632 0.32882244
0.18446609 0.45332632 0.32882244 0.41660604
0.45332632 0.32882244 0.41660604 0.37816436
0.32882244 0.41660604 0.37816436 0.62045202
0.41660604 0.37816436 0.62045202 0.71449943
0.37816436 0.62045202 0.71449943 0.65841008
0.62045202 0.71449943 0.65841008 0.81420073
0.71449943 0.65841008 0.81420073 0.26433292
0.65841008 0.81420073 0.26433292 0.95209858
0.81420073 0.26433292 0.95209858 0.84382897
0.26433292 0.95209858 0.84382897 0.09564403
0.95209858 0.84382897 0.09564403 0.89602499
0.84382897 0.09564403 0.89602499 0.53623345
0.09564403 0.89602499 0.53623345 0.00723616
0.89602499 0.53623345 0.00723616 0.33069583
0.53623345 0.00723616 0.33069583 0.92949134
0.00723616 0.33069583 0.92949134 0.04029416
0.33069583 0.92949134 0.04029416 0.63095238
0.92949134 0.04029416 0.63095238 0.25080432
0.04029416 0.63095238 0.25080432 0.79402713
0.63095238 0.25080432 0.79402713 0.53451949
0.25080432 0.79402713 0.53451949 0.00743883
0.79402713 0.53451949 0.00743883 0.89101568
0.53451949 0.00743883 0.89101568 0.12075621
0.00743883 0.89101568 0.12075621 0.35980365
0.89101568 0.12075621 0.35980365 0.80910202
0.12075621 0.35980365 0.80910202 0.03718459
0.35980365 0.80910202 0.03718459 0.97493495
0.80910202 0.03718459 0.97493495 0.37314461
0.03718459 0.97493495 0.37314461 0.86188732
0.97493495 0.37314461 0.86188732 0.82540430
0.37314461 0.86188732 0.82540430 0.52596716
0.86188732 0.82540430 0.52596716 0.54601580
0.82540430 0.52596716 0.54601580 0.36016457
0.52596716 0.54601580 0.36016457 0.59054627
0.54601580 0.36016457 0.59054627 0.80938972
0.36016457 0.59054627 0.80938972 0.14088775
0.59054627 0.80938972 0.14088775 0.15339782
0.80938972 0.14088775 0.15339782 0.82230459
0.14088775 0.15339782 0.82230459 0.66202860
0.15339782 0.82230459 0.66202860 0.70174921
0.82230459 0.66202860 0.70174921 0.82425003
0.66202860 0.70174921 0.82425003 0.86266389
0.70174921 0.82425003 0.86266389 0.39237220
0.82425003 0.86266389 0.39237220 0.58965004
0.86266389 0.39237220 0.58965004 0.66088127
0.39237220 0.58965004 0.66088127 0.37285810
0.58965004 0.66088127 0.37285810 0.16036368
0.66088127 0.37285810 0.16036368 0.65138660
0.37285810 0.16036368 0.65138660 0.92342401
0.16036368 0.65138660 0.92342401 0.19914821
0.65138660 0.92342401 0.19914821 0.03473845
0.92342401 0.19914821 0.03473845 0.79621924
0.19914821 0.03473845 0.79621924 0.31500907
0.03473845 0.79621924 0.31500907 0.36575051
0.79621924 0.31500907 0.36575051 0.16135752
0.31500907 0.36575051 0.16135752 0.06029726
0.36575051 0.16135752 0.06029726 0.64617768
0.16135752 0.06029726 0.64617768 0.47464972
0.06029726 0.64617768 0.47464972 0.03424863
0.64617768 0.47464972 0.03424863 0.47093026
0.47464972 0.03424863 0.47093026 0.34286445
0.03424863 0.47093026 0.34286445 0.12722916
0.47093026 0.34286445 0.12722916 0.06156292
0.34286445 0.12722916 0.06156292 0.11550407
0.12722916 0.06156292 0.11550407 0.65865053
0.06156292 0.11550407 0.65865053 0.39277728
0.11550407 0.65865053 0.39277728 0.20949492
0.65865053 0.39277728 0.20949492 0.86864288
0.39277728 0.20949492 0.86864288 0.31098221
0.20949492 0.86864288 0.31098221 0.89494757
0.86864288 0.31098221 0.89494757 0.17782718
0.31098221 0.89494757 0.17782718 0.37177337
0.89494757 0.17782718 0.37177337 0.10527844
0.17782718 0.37177337 0.10527844 0.36600663
0.37177337 0.10527844 0.36600663 0.08427206
0.10527844 0.36600663 0.08427206 0.30422486
0.36600663 0.08427206 0.30422486 0.18176554
0.08427206 0.30422486 0.18176554 0.45934536
0.30422486 0.18176554 0.45934536 0.77943673
0.18176554 0.45934536 0.77943673 0.42695154
0.45934536 0.77943673 0.42695154 0.34098948
0.77943673 0.42695154 0.34098948 0.46372770
0.42695154 0.34098948 0.46372770 0.91017345
0.34098948 0.46372770 0.91017345 0.42337717
0.46372770 0.91017345 0.42337717 0.88795711
0.91017345 0.42337717 0.88795711 0.61030277
0.42337717 0.88795711 0.61030277 0.25859199
0.88795711 0.61030277 0.25859199 0.92288791
0.61030277 0.25859199 0.92288791 0.89567538
0.25859199 0.92288791 0.89567538 0.75617525
0.92288791 0.89567538 0.75617525 0.32788754
0.89567538 0.75617525 0.32788754 0.42988876
0.75617525 0.32788754 0.42988876 0.47843337
0.32788754 0.42988876 0.47843337 0.48171569
0.42988876 0.47843337 0.48171569 0.14773880
0.47843337 0.48171569 0.14773880 0.45084889
0.48171569 0.14773880 0.45084889 0.78782986
0.14773880 0.45084889 0.78782986 0.32498767
0.45084889 0.78782986 0.32498767 0.73000306
0.78782986 0.32498767 0.73000306 0.35122669
0.32498767 0.73000306 0.35122669 0.70519156
0.73000306 0.35122669 0.70519156 0.20129297
0.35122669 0.70519156 0.20129297 0.36187178
0.70519156 0.20129297 0.36187178 0.08985036
0.20129297 0.36187178 0.08985036 0.28308637
0.36187178 0.08985036 0.28308637 0.21298045
0.08985036 0.28308637 0.21298045 0.87472679
0.28308637 0.21298045 0.87472679 0.79924358
0.21298045 0.87472679 0.79924358 0.26046583
0.87472679 0.79924358 0.26046583 0.50611674
0.79924358 0.26046583 0.50611674 0.09743903
0.26046583 0.50611674 0.09743903 0.20390882
0.50611674 0.09743903 0.20390882 0.48009680
0.09743903 0.20390882 0.48009680 0.61496622
0.20390882 0.48009680 0.61496622 0.96522009
0.48009680 0.61496622 0.96522009 0.44088930
0.61496622 0.96522009 0.44088930 0.33068075
0.96522009 0.44088930 0.33068075 0.86404848
0.44088930 0.33068075 0.86404848 0.22519130
0.33068075 0.86404848 0.22519130 0.44953788
0.86404848 0.22519130 0.44953788 0.58900744
0.22519130 0.44953788 0.58900744 0.13042296
0.44953788 0.58900744 0.13042296 0.13167428
0.58900744 0.13042296 0.13167428 0.43046792
0.13042296 0.13167428 0.43046792 0.21269181
0.13167428 0.43046792 0.21269181 0.34972958
0.43046792 0.21269181 0.34972958 0.72611875
0.21269181 0.34972958 0.72611875 0.85716820
0.34972958 0.72611875 0.85716820 0.90082792
0.72611875 0.85716820 0.90082792 0.14080698
0.85716820 0.90082792 0.14080698 0.54174003
0.90082792 0.14080698 0.54174003 0.78775947
0.14080698 0.54174003 0.78775947 0.08661580
0.54174003 0.78775947 0.08661580 0.72345976
0.78775947 0.08661580 0.72345976 0.69442477
0.08661580 0.72345976 0.69442477 0.29980643
0.72345976 0.69442477 0.29980643 0.40785680
0.69442477 0.29980643 0.40785680 0.45227037
0.29980643 0.40785680 0.45227037 0.32280765
0.40785680 0.45227037 0.32280765 0.52653640
0.45227037 0.32280765 0.52653640 0.90306865
0.32280765 0.52653640 0.90306865 0.48283940
0.52653640 0.90306865 0.48283940 0.87711431
0.90306865 0.48283940 0.87711431 0.00731497
0.48283940 0.87711431 0.00731497 0.74590545
0.87711431 0.00731497 0.74590545 0.73672209
0.00731497 0.74590545 0.73672209 0.33301319
0.74590545 0.73672209 0.33301319 0.75340457
0.73672209 0.33301319 0.75340457 0.94967067
0.33301319 0.75340457 0.94967067 0.26927504
0.75340457 0.94967067 0.26927504 0.42786678
0.94967067 0.26927504 0.42786678 0.23640330
0.26927504 0.42786678 0.23640330 0.77411585
0.42786678 0.23640330 0.77411585 0.18291218
0.23640330 0.77411585 0.18291218 0.55198169
0.77411585 0.18291218 0.55198169 0.93859936
0.18291218 0.55198169 0.93859936 0.36986314
0.55198169 0.93859936 0.36986314 0.65119123
0.93859936 0.36986314 0.65119123 0.67134226
0.36986314 0.65119123 0.67134226 0.53368374
0.65119123 0.67134226 0.53368374 0.02887468
0.67134226 0.53368374 0.02887468 0.97768514
0.53368374 0.02887468 0.97768514 0.19907779
0.02887468 0.97768514 0.19907779 0.46019247
0.97768514 0.19907779 0.46019247 0.39397197
0.19907779 0.46019247 0.39397197 0.11727225
0.46019247 0.39397197 0.11727225 0.71661315
0.39397197 0.11727225 0.71661315 0.52512589
0.11727225 0.71661315 0.52512589 0.54457826
0.71661315 0.52512589 0.54457826 0.21480257
0.52512589 0.54457826 0.21480257 0.02891570
0.54457826 0.21480257 0.02891570 0.22445794
0.21480257 0.02891570 0.22445794 0.13148469
0.02891570 0.22445794 0.13148469 0.28020840
0.22445794 0.13148469 0.28020840 0.23378860
0.13148469 0.28020840 0.23378860 0.03981495
0.28020840 0.23378860 0.03981495 0.54448573
0.23378860 0.03981495 0.54448573 0.29065279
0.03981495 0.54448573 0.29065279 0.17998188
0.54448573 0.29065279 0.17998188 0.66888045
0.29065279 0.17998188 0.66888045 0.45602412
0.17998188 0.66888045 0.45602412 0.19972194
0.66888045 0.45602412 0.19972194 0.89627493
0.45602412 0.19972194 0.89627493 0.70773991
0.19972194 0.89627493 0.70773991 0.91010777
0.89627493 0.70773991 0.91010777 0.69512354
0.70773991 0.91010777 0.69512354 0.73043184
0.91010777 0.69512354 0.73043184 0.34158683
0.69512354 0.73043184 0.34158683 0.36291657
0.73043184 0.34158683 0.36291657 0.21899419
0.34158683 0.36291657 0.21899419 0.86022887
0.36291657 0.21899419 0.86022887 0.40440243
0.21899419 0.86022887 0.40440243 0.20874263
0.86022887 0.40440243 0.20874263 0.14579277
0.40440243 0.20874263 0.14579277 0.77514240
0.20874263 0.14579277 0.77514240 0.48451293
0.14579277 0.77514240 0.48451293 0.82535087
0.77514240 0.48451293 0.82535087 0.40661235
0.48451293 0.82535087 0.40661235 0.88896279
0.82535087 0.40661235 0.88896279 0.40321196
0.40661235 0.88896279 0.40321196 0.42988262
0.88896279 0.40321196 0.42988262 0.48074027
0.40321196 0.42988262 0.48074027 0.96175226
0.42988262 0.48074027 0.96175226 0.06483717
0.48074027 0.96175226 0.06483717 0.58957785
0.96175226 0.06483717 0.58957785 0.11523727
0.06483717 0.58957785 0.11523727 0.88675356
0.58957785 0.11523727 0.88675356 0.00266054
0.11523727 0.88675356 0.00266054 0.63844030
0.88675356 0.00266054 0.63844030 0.60706854
0.00266054 0.63844030 0.60706854 0.97559214
0.63844030 0.60706854 0.97559214 0.19948774
0.60706854 0.97559214 0.19948774 0.72530734
0.97559214 0.19948774 0.72530734 0.05697516
0.19948774 0.72530734 0.05697516 0.84663807
0.72530734 0.05697516 0.84663807 0.88753609
0.05697516 0.84663807 0.88753609 0.56811847
0.84663807 0.88753609 0.56811847 0.73980961
0.88753609 0.56811847 0.73980961 0.82306516
0.56811847 0.73980961 0.82306516 0.86201497
0.73980961 0.82306516 0.86201497 0.47564648
0.82306516 0.86201497 0.47564648 0.45806877
0.86201497 0.47564648 0.45806877 0.68165469
0.47564648 0.45806877 0.68165469 0.48355667
0.45806877 0.68165469 0.48355667 0.31509043
0.68165469 0.48355667 0.31509043 0.89470857
0.48355667 0.31509043 0.89470857 0.04739097
0.31509043 0.89470857 0.04739097 0.92223361
0.89470857 0.04739097 0.92223361 0.49822160
0.04739097 0.92223361 0.49822160 0.29176968
0.92223361 0.49822160 0.29176968 0.38311004
0.49822160 0.29176968 0.38311004 0.03102151
0.29176968 0.38311004 0.03102151 0.13467482
0.38311004 0.03102151 0.13467482 0.56877642
0.03102151 0.13467482 0.56877642 0.75531519
0.13467482 0.56877642 0.75531519 0.94715061
0.56877642 0.75531519 0.94715061 0.84125671
0.75531519 0.94715061 0.84125671 0.75195952
0.94715061 0.84125671 0.75195952 0.13878543
0.84125671 0.75195952 0.13878543 0.17584445
0.75195952 0.13878543 0.17584445 0.12047741
0.13878543 0.17584445 0.12047741 0.71075962
0.17584445 0.12047741 0.71075962 0.97771509
0.12047741 0.71075962 0.97771509 0.84202851
0.71075962 0.97771509 0.84202851 0.64209517
0.97771509 0.84202851 0.64209517 0.36000183
0.84202851 0.64209517 0.36000183 0.53726620
0.64209517 0.36000183 0.53726620 0.54877241
0.36000183 0.53726620 0.54877241 0.72451467
0.53726620 0.54877241 0.72451467 0.20208817
0.54877241 0.72451467 0.20208817 0.65913195
0.72451467 0.20208817 0.65913195 0.15935547
0.20208817 0.65913195 0.15935547 0.18936677
0.65913195 0.15935547 0.18936677 0.52232211
0.15935547 0.18936677 0.52232211 0.77146198
0.18936677 0.52232211 0.77146198 0.50211298
0.52232211 0.77146198 0.50211298 0.80681926
0.77146198 0.50211298 0.80681926 0.05468657
0.50211298 0.80681926 0.05468657 0.92927749
0.80681926 0.05468657 0.92927749 0.45871057
0.05468657 0.92927749 0.45871057 0.18054850
0.92927749 0.45871057 0.18054850 0.77865822
0.45871057 0.18054850 0.77865822 0.86161722
0.18054850 0.77865822 0.86161722 0.21551897
0.77865822 0.86161722 0.21551897 0.09432620
0.86161722 0.21551897 0.09432620 0.26580021
0.21551897 0.09432620 0.26580021 0.56820913
0.09432620 0.26580021 0.56820913 0.05837404
0.26580021 0.56820913 0.05837404 0.38572702
0.56820913 0.05837404 0.38572702 0.91447883
0.05837404 0.38572702 0.91447883 0.43248757
0.38572702 0.91447883 0.43248757 0.42732798
0.91447883 0.43248757 0.42732798 0.00376402
0.43248757 0.42732798 0.00376402 0.26050944
0.42732798 0.00376402 0.26050944 0.84928785
0.00376402 0.26050944 0.84928785 0.95934401
0.26050944 0.84928785 0.95934401 0.40218726
0.84928785 0.95934401 0.40218726 0.29919984
0.95934401 0.40218726 0.29919984 0.28237635
0.40218726 0.29919984 0.28237635 0.97813581
0.29919984 0.28237635 0.97813581 0.45412141
0.28237635 0.97813581 0.45412141 0.27563082
0.97813581 0.45412141 0.27563082 0.59423275
0.45412141 0.27563082 0.59423275 0.16841575
0.27563082 0.59423275 0.16841575 0.66479692
0.59423275 0.16841575 0.66479692 0.74019721
0.16841575 0.66479692 0.74019721 0.81856075
0.66479692 0.74019721 0.81856075 0.83786138
0.74019721 0.81856075 0.83786138 0.11089677
0.81856075 0.83786138 0.11089677 0.86189248
0.83786138 0.11089677 0.86189248 0.31101293
0.11089677 0.86189248 0.31101293 0.85718434
0.86189248 0.31101293 0.85718434 0.82492756
0.31101293 0.85718434 0.82492756 0.67787242
0.85718434 0.82492756 0.67787242 0.13043763
0.82492756 0.67787242 0.13043763 0.00570188
0.67787242 0.13043763 0.00570188 0.13277251
0.13043763 0.00570188 0.13277251 0.21367534
0.00570188 0.13277251 0.21367534 0.38096056
0.13277251 0.21367534 0.38096056 0.19839115
0.21367534 0.38096056 0.19839115 0.09318211
0.38096056 0.19839115 0.09318211 0.99344563
0.19839115 0.09318211 0.99344563 0.17153043
0.09318211 0.99344563 0.17153043 0.53695771
0.99344563 0.17153043 0.53695771 0.00061506
0.17153043 0.53695771 0.00061506 0.91094159
0.53695771 0.00061506 0.91094159 0.81203789
0.00061506 0.91094159 0.81203789 0.59870002
0.91094159 0.81203789 0.59870002 0.47141888
0.81203789 0.59870002 0.47141888 0.24912363
0.59870002 0.47141888 0.24912363 0.07489260
0.47141888 0.24912363 0.07489260 0.02010603
0.24912363 0.07489260 0.02010603 0.62973502
0.07489260 0.02010603 0.62973502 0.25413891
0.02010603 0.62973502 0.25413891 0.06454697
0.62973502 0.25413891 0.06454697 0.42565797
0.25413891 0.06454697 0.42565797 0.19580634
0.06454697 0.42565797 0.19580634 0.17483618
0.42565797 0.19580634 0.17483618 0.58606036
0.19580634 0.17483618 0.58606036 0.01723786
0.17483618 0.58606036 0.01723786 0.80587026
0.58606036 0.01723786 0.80587026 0.98971309
0.01723786 0.80587026 0.98971309 0.98154866
0.80587026 0.98971309 0.98154866 0.34333691
0.98971309 0.98154866 0.34333691 0.26049428
0.98154866 0.34333691 0.26049428 0.33699164
0.34333691 0.26049428 0.33699164 0.55809592
0.26049428 0.33699164 0.55809592 0.35832124
0.33699164 0.55809592 0.35832124 0.63251962
0.55809592 0.35832124 0.63251962 0.90357949
0.35832124 0.63251962 0.90357949 0.58695188
0.63251962 0.90357949 0.58695188 0.29358019
0.90357949 0.58695188 0.29358019 0.34846191
0.58695188 0.29358019 0.34846191 0.54212459
0.29358019 0.34846191 0.54212459 0.26672869
0.34846191 0.54212459 0.26672869 0.71719432
0.54212459 0.26672869 0.71719432 0.92534043
0.26672869 0.71719432 0.92534043 0.48931155
0.71719432 0.92534043 0.48931155 0.96996321
0.92534043 0.48931155 0.96996321 0.30517854
0.48931155 0.96996321 0.30517854 0.57296945
0.96996321 0.30517854 0.57296945 0.91025491
0.30517854 0.57296945 0.91025491 0.15976881
0.57296945 0.91025491 0.15976881 0.01810707
0.91025491 0.15976881 0.01810707 0.72540310
0.15976881 0.01810707 0.72540310 0.54948983
0.01810707 0.72540310 0.54948983 0.05317969
0.72540310 0.54948983 0.05317969 0.90222001
0.54948983 0.05317969 0.90222001 0.39789540
0.05317969 0.90222001 0.39789540 0.04885451
0.90222001 0.39789540 0.04885451 0.08923931
0.39789540 0.04885451 0.08923931 0.71690830
0.04885451 0.08923931 0.71690830 0.56698468
0.08923931 0.71690830 0.56698468 0.41965203
0.71690830 0.56698468 0.41965203 0.60932226
0.56698468 0.41965203 0.60932226 0.93417431
0.41965203 0.60932226 0.93417431 0.25065088
0.60932226 0.93417431 0.25065088 0.76303989
0.93417431 0.25065088 0.76303989 0.38917563
0.25065088 0.76303989 0.38917563 0.07337964
0.76303989 0.38917563 0.07337964 0.87654238
0.38917563 0.07337964 0.87654238 0.29811495
0.07337964 0.87654238 0.29811495 0.68197296
0.87654238 0.29811495 0.68197296 0.75712976
0.29811495 0.68197296 0.75712976 0.42884030
0.68197296 0.75712976 0.42884030 0.02370634
0.75712976 0.42884030 0.02370634 0.50939717
0.42884030 0.02370634 0.50939717 0.66200722
0.02370634 0.50939717 0.66200722 0.49318116
0.50939717 0.66200722 0.49318116 0.79308533
0.66200722 0.49318116 0.79308533 0.32857047
0.49318116 0.79308533 0.32857047 0.88255710
0.79308533 0.32857047 0.88255710 0.37670881
0.32857047 0.88255710 0.37670881 0.20498237
0.88255710 0.37670881 0.20498237 0.50287107
0.37670881 0.20498237 0.50287107 0.96519739
0.20498237 0.50287107 0.96519739 0.35852674
0.50287107 0.96519739 0.35852674 0.35782609
0.96519739 0.35852674 0.35782609 0.17951699
0.35852674 0.35782609 0.17951699 0.00677809
0.35782609 0.17951699 0.00677809 0.43724576
0.17951699 0.00677809 0.43724576 0.02764717
0.00677809 0.43724576 0.02764717 0.92568837
0.43724576 0.02764717 0.92568837 0.96521339
0.02764717 0.92568837 0.96521339 0.50836239
0.92568837 0.96521339 0.50836239 0.51169423
0.96521339 0.50836239 0.51169423 0.31429006
0.50836239 0.51169423 0.31429006 0.71740948
0.51169423 0.31429006 0.71740948 0.33464184
0.31429006 0.71740948 0.33464184 0.61436043
0.71740948 0.33464184 0.61436043 0.53846964
0.33464184 0.61436043 0.53846964 0.36019846
0.61436043 0.53846964 0.36019846 0.47869309
0.53846964 0.36019846 0.47869309 0.91806935
0.36019846 0.47869309 0.91806935 0.91302088
0.47869309 0.91806935 0.91302088 0.94184196
0.91806935 0.91302088 0.94184196 0.71613155
0.91302088 0.94184196 0.71613155 0.85451447
0.94184196 0.71613155 0.85451447 0.63050317
0.71613155 0.85451447 0.63050317 0.58471759
0.85451447 0.63050317 0.58471759 0.86825849
0.63050317 0.58471759 0.86825849 0.88877438
0.58471759 0.86825849 0.88877438 0.20663400
0.86825849 0.88877438 0.20663400 0.85963582
0.88877438 0.20663400 0.85963582 0.38680659
0.20663400 0.85963582 0.38680659 0.68901088
0.85963582 0.38680659 0.68901088 0.91654166
0.38680659 0.68901088 0.91654166 0.80155296
0.68901088 0.91654166 0.80155296 0.12509656
0.91654166 0.80155296 0.12509656 0.98370510
0.80155296 0.12509656 0.98370510 0.03777523
0.12509656 0.98370510 0.03777523 0.54388334
0.98370510 0.03777523 0.54388334 0.42330934
0.03777523 0.54388334 0.42330934 0.67239407
0.54388334 0.42330934 0.67239407 0.47682494
0.42330934 0.67239407 0.47682494 0.99716275
0.67239407 0.47682494 0.99716275 0.62888577
0.47682494 0.99716275 0.62888577 0.22298552
0.99716275 0.62888577 0.22298552 0.42741654
0.62888577 0.22298552 0.42741654 0.66960778
0.22298552 0.42741654 0.66960778 0.34784158
0.42741654 0.66960778 0.34784158 0.49456422
0.66960778 0.34784158 0.49456422 0.24510831
0.34784158 0.49456422 0.24510831 0.99080622
0.49456422 0.24510831 0.99080622 0.31401942
0.24510831 0.99080622 0.31401942 0.02917044
0.99080622 0.31401942 0.02917044 0.46895109
0.31401942 0.02917044 0.46895109 0.24055280
0.02917044 0.46895109 0.24055280 0.86860387
0.46895109 0.24055280 0.86860387 0.39121078
0.24055280 0.86860387 0.39121078 0.34495223
0.86860387 0.39121078 0.34495223 0.73140351
0.39121078 0.34495223 0.73140351 0.07036443
0.34495223 0.73140351 0.07036443 0.93531183
0.73140351 0.07036443 0.93531183 0.75725309
0.07036443 0.93531183 0.75725309 0.01712534
0.93531183 0.75725309 0.01712534 0.95878194
0.75725309 0.01712534 0.95878194 0.68604915
0.01712534 0.95878194 0.68604915 0.37054084
0.95878194 0.68604915 0.37054084 0.16128991
0.68604915 0.37054084 0.16128991 0.01850003
0.37054084 0.16128991 0.01850003 0.90046564
0.16128991 0.01850003 0.90046564 0.70451222
0.01850003 0.90046564 0.70451222 0.44970809
0.90046564 0.70451222 0.44970809 0.94373338
0.70451222 0.44970809 0.94373338 0.81330179
0.44970809 0.94373338 0.81330179 0.07494158
0.94373338 0.81330179 0.07494158 0.63521522
0.81330179 0.07494158 0.63521522 0.05084300
0.07494158 0.63521522 0.05084300 0.46527329
0.63521522 0.05084300 0.46527329 0.34788424
0.05084300 0.46527329 0.34788424 0.15239937
0.46527329 0.34788424 0.15239937 0.02415008
0.34788424 0.15239937 0.02415008 0.18436354
0.15239937 0.02415008 0.18436354 0.11831927
0.02415008 0.18436354 0.11831927 0.15458472
0.18436354 0.11831927 0.15458472 0.86052139
0.11831927 0.15458472 0.86052139 0.27522701
0.15458472 0.86052139 0.27522701 0.33900144
0.86052139 0.27522701 0.33900144 0.18674743
0.27522701 0.33900144 0.18674743 0.78426124
0.33900144 0.18674743 0.78426124 0.99697241
0.18674743 0.78426124 0.99697241 0.67257770
0.78426124 0.99697241 0.67257770 0.33061784
0.99697241 0.67257770 0.33061784 0.15426688
0.67257770 0.33061784 0.15426688 0.90777201
0.33061784 0.15426688 0.90777201 0.41507706
0.15426688 0.90777201 0.41507706 0.98008548
0.90777201 0.41507706 0.98008548 0.43734221
0.41507706 0.98008548 0.43734221 0.09744749
0.98008548 0.43734221 0.09744749 0.74715124
0.43734221 0.09744749 0.74715124 0.20210901
0.09744749 0.74715124 0.20210901 0.54216771
0.74715124 0.20210901 0.54216771 0.84272799
0.20210901 0.54216771 0.84272799 0.23327166
0.54216771 0.84272799 0.23327166 0.08385459
0.84272799 0.23327166 0.08385459 0.60689305
0.23327166 0.08385459 0.60689305 0.76607680
0.08385459 0.60689305 0.76607680 0.60621166
0.60689305 0.76607680 0.60621166 0.47632075
0.76607680 0.60621166 0.47632075 0.47400894
0.60621166 0.47632075 0.47400894 0.11585313
0.47632075 0.47400894 0.11585313 0.82613636
0.47400894 0.11585313 0.82613636 0.37546831
0.11585313 0.82613636 0.37546831 0.68316747
0.82613636 0.37546831 0.68316747 0.81435024
0.37546831 0.68316747 0.81435024 0.86278033
0.68316747 0.81435024 0.86278033 0.91604686
0.81435024 0.86278033 0.91604686 0.02090099
0.86278033 0.91604686 0.02090099 0.96260363
0.91604686 0.02090099 0.96260363 0.77095762
0.02090099 0.96260363 0.77095762 0.56928277
0.96260363 0.77095762 0.56928277 0.99402532
0.77095762 0.56928277 0.99402532 0.45586806
0.56928277 0.99402532 0.45586806 0.32841361
0.99402532 0.45586806 0.32841361 0.46463781
0.45586806 0.32841361 0.46463781 0.77423334
0.32841361 0.46463781 0.77423334 0.56638884
0.46463781 0.77423334 0.56638884 0.03844294
0.77423334 0.56638884 0.03844294 0.23724520
0.56638884 0.03844294 0.23724520 0.64871724
0.03844294 0.23724520 0.64871724 0.34005247
0.23724520 0.64871724 0.34005247 0.75583134
0.64871724 0.34005247 0.75583134 0.89692824
0.34005247 0.75583134 0.89692824 0.32785934
0.75583134 0.89692824 0.32785934 0.78512856
0.89692824 0.32785934 0.78512856 0.17612076
0.32785934 0.78512856 0.17612076 0.24594646
0.78512856 0.17612076 0.24594646 0.57559893
0.17612076 0.24594646 0.57559893 0.71178730
0.24594646 0.57559893 0.71178730 0.44681086
0.57559893 0.71178730 0.44681086 0.31133476
0.71178730 0.44681086 0.31133476 0.75675887
0.44681086 0.31133476 0.75675887 0.01463089
0.31133476 0.75675887 0.01463089 0.11256597
0.75675887 0.01463089 0.11256597 0.97653623
0.01463089 0.11256597 0.97653623 0.53844266
0.11256597 0.97653623 0.53844266 0.49321137
0.97653623 0.53844266 0.49321137 0.08628844
0.53844266 0.49321137 0.08628844 0.72935362
0.49321137 0.08628844 0.72935362 0.02498578
0.08628844 0.72935362 0.02498578 0.15747964
0.72935362 0.02498578 0.15747964 0.40709509
0.02498578 0.15747964 0.40709509 0.55851651
0.15747964 0.40709509 0.55851651 0.37161026
0.40709509 0.55851651 0.37161026 0.38491196
0.55851651 0.37161026 0.38491196 0.07853631
0.37161026 0.38491196 0.07853631 0.46857134
0.38491196 0.07853631 0.46857134 0.56313255
0.07853631 0.46857134 0.56313255 0.33566468
0.46857134 0.56313255 0.33566468 0.10800639
0.56313255 0.33566468 0.10800639 0.57998593
0.33566468 0.10800639 0.57998593 0.62134960
0.10800639 0.57998593 0.62134960 0.58571026
0.57998593 0.62134960 0.58571026 0.96227750
0.62134960 0.58571026 0.96227750 0.66356962
0.58571026 0.96227750 0.66356962 0.90088080
0.96227750 0.66356962 0.90088080 0.86942118
0.66356962 0.90088080 0.86942118 0.63902381
0.90088080 0.86942118 0.63902381 0.72196667
0.86942118 0.63902381 0.72196667 0.32397586
0.63902381 0.72196667 0.32397586 0.52470739
0.72196667 0.32397586 0.52470739 0.45706573
0.32397586 0.52470739 0.45706573 0.35851718
0.52470739 0.45706573 0.35851718 0.12552574
0.45706573 0.35851718 0.12552574 0.53835577
0.35851718 0.12552574 0.53835577 0.10889463
0.12552574 0.53835577 0.10889463 0.60693159
0.53835577 0.10889463 0.60693159 0.59987751
0.10889463 0.60693159 0.59987751 0.68384448
0.60693159 0.59987751 0.68384448 0.53082607
0.59987751 0.68384448 0.53082607 0.98838108
0.68384448 0.53082607 0.98838108 0.34322775
0.53082607 0.98838108 0.34322775 0.23339947
0.98838108 0.34322775 0.23339947 0.44672491
0.34322775 0.23339947 0.44672491 0.41858971
0.23339947 0.44672491 0.41858971 0.14491438
0.44672491 0.41858971 0.14491438 0.64116377
0.41858971 0.14491438 0.64116377 0.31754303
0.14491438 0.64116377 0.31754303 0.15626957
0.64116377 0.31754303 0.15626957 0.17338124
0.31754303 0.15626957 0.17338124 0.50663835
0.15626957 0.17338124 0.50663835 0.25217378
0.17338124 0.50663835 0.25217378 0.27964668
0.50663835 0.25217378 0.27964668 0.86270549
0.25217378 0.27964668 0.86270549 0.16077532
0.27964668 0.86270549 0.16077532 0.07757698
0.86270549 0.16077532 0.07757698 0.69984618
0.16077532 0.07757698 0.69984618 0.05970671
0.07757698 0.69984618 0.05970671 0.96477427
0.69984618 0.05970671 0.96477427 0.62847053
0.05970671 0.96477427 0.62847053 0.12728824
0.96477427 0.62847053 0.12728824 0.75257758
0.62847053 0.12728824 0.75257758 0.07233761
0.12728824 0.75257758 0.07233761 0.93744851
0.75257758 0.07233761 0.93744851 0.78754377
0.07233761 0.93744851 0.78754377 0.29707700
0.93744851 0.78754377 0.29707700 0.68570594
0.78754377 0.29707700 0.68570594 0.55357586
0.29707700 0.68570594 0.55357586 0.71592936
0.68570594 0.55357586 0.71592936 0.82465409
0.55357586 0.71592936 0.82465409 0.65568453
0.71592936 0.82465409 0.65568453 0.76499789
0.82465409 0.65568453 0.76499789 0.01356572
0.65568453 0.76499789 0.01356572 0.58590433
0.76499789 0.01356572 0.58590433 0.68274773
0.01356572 0.58590433 0.68274773 0.79883671
0.58590433 0.68274773 0.79883671 0.73371575
0.68274773 0.79883671 0.73371575 0.49268108
0.79883671 0.73371575 0.49268108 0.09140292
0.73371575 0.49268108 0.09140292 0.76629628
0.49268108 0.09140292 0.76629628 0.07674390
0.09140292 0.76629628 0.07674390 0.63573222
0.76629628 0.07674390 0.63573222 0.83728820
0.07674390 0.63573222 0.83728820 0.28885741
0.63573222 0.83728820 0.28885741 0.59412935
0.83728820 0.28885741 0.59412935 0.07350543
0.28885741 0.59412935 0.07350543 0.38808138
0.59412935 0.07350543 0.38808138 0.05144797
0.07350543 0.38808138 0.05144797 0.85657564
0.38808138 0.05144797 0.85657564 0.50269229
0.05144797 0.85657564 0.50269229 0.84338237
0.85657564 0.50269229 0.84338237 0.06983252
0.50269229 0.84338237 0.06983252 0.73692938
0.84338237 0.06983252 0.73692938 0.54884364
0.06983252 0.73692938 0.54884364 0.17043558
0.73692938 0.54884364 0.17043558 0.31202358
0.54884364 0.17043558 0.31202358 0.24894267
0.17043558 0.31202358 0.24894267 0.99696983
0.31202358 0.24894267 0.99696983 0.02977920
0.24894267 0.99696983 0.02977920 0.66998538
0.99696983 0.02977920 0.66998538 0.47531290
0.02977920 0.66998538 0.47531290 0.75424109
0.66998538 0.47531290 0.75424109 0.44339504
0.47531290 0.75424109 0.44339504 0.84813055
0.75424109 0.44339504 0.84813055 0.38479237
0.44339504 0.84813055 0.38479237 0.82611615
0.84813055 0.38479237 0.82611615 0.74599201
0.38479237 0.82611615 0.74599201 0.02528916
0.82611615 0.74599201 0.02528916 0.00654702
0.74599201 0.02528916 0.00654702 0.90790146
0.02528916 0.00654702 0.90790146 0.26906304
0.00654702 0.90790146 0.26906304 0.10818968
0.90790146 0.26906304 0.10818968 0.80109294
0.26906304 0.10818968 0.80109294 0.62921632
0.10818968 0.80109294 0.62921632 0.51644246
0.80109294 0.62921632 0.51644246 0.80068607
0.62921632 0.51644246 0.80068607 0.36406872
0.51644246 0.80068607 0.36406872 0.15926383
0.80068607 0.36406872 0.15926383 0.67815132
0.36406872 0.15926383 0.67815132 0.16540935
0.15926383 0.67815132 0.16540935 0.32529722
0.67815132 0.16540935 0.32529722 0.09047138
0.16540935 0.32529722 0.09047138 0.30004459
0.32529722 0.09047138 0.30004459 0.11604586
0.09047138 0.30004459 0.11604586 0.01290330
0.30004459 0.11604586 0.01290330 0.33715033
0.11604586 0.01290330 0.33715033 0.63149926
0.01290330 0.33715033 0.63149926 0.19327768
0.33715033 0.63149926 0.19327768 0.16645689
0.63149926 0.19327768 0.16645689 0.57384827
0.19327768 0.16645689 0.57384827 0.79710267
0.16645689 0.57384827 0.79710267 0.02022045
0.57384827 0.79710267 0.02022045 0.45731542
0.79710267 0.02022045 0.45731542 0.30264901
0.02022045 0.45731542 0.30264901 0.82431265
0.45731542 0.30264901 0.82431265 0.29379853
0.30264901 0.82431265 0.29379853 0.69719240
0.82431265 0.29379853 0.69719240 0.52416155
0.29379853 0.69719240 0.52416155 0.25615740
0.69719240 0.52416155 0.25615740 0.11725080
0.52416155 0.25615740 0.11725080 0.88618585
0.25615740 0.11725080 0.88618585 0.15228505
0.11725080 0.88618585 0.15228505 0.33496235
0.88618585 0.15228505 0.33496235 0.55453700
0.15228505 0.33496235 0.55453700 0.99820315
0.33496235 0.55453700 0.99820315 0.27665503
0.55453700 0.99820315 0.27665503 0.55187543
0.99820315 0.27665503 0.55187543 0.15712812
0.27665503 0.55187543 0.15712812 0.69014383
0.55187543 0.15712812 0.69014383 0.66102177
0.15712812 0.69014383 0.66102177 0.07344422
0.69014383 0.66102177 0.07344422 0.73398566
0.66102177 0.07344422 0.73398566 0.54546624
0.07344422 0.73398566 0.54546624 0.26806297
0.73398566 0.54546624 0.26806297 0.90875402
0.54546624 0.26806297 0.90875402 0.10371927
0.26806297 0.90875402 0.10371927 0.37462996
0.90875402 0.10371927 0.37462996 0.60161251
0.10371927 0.37462996 0.60161251 0.65556262
0.37462996 0.60161251 0.65556262 0.26451737
0.60161251 0.65556262 0.26451737 0.14667459
0.65556262 0.26451737 0.14667459 0.19616310
0.26451737 0.14667459 0.19616310 0.96234721
0.14667459 0.19616310 0.96234721 0.75112426
0.19616310 0.96234721 0.75112426 0.13227486
0.96234721 0.75112426 0.13227486 0.34328800
0.75112426 0.13227486 0.34328800 0.94106421
0.13227486 0.34328800 0.94106421 0.30474307
0.34328800 0.94106421 0.30474307 0.06811140
0.94106421 0.30474307 0.06811140 0.22980823
0.30474307 0.06811140 0.22980823 0.01059296
0.06811140 0.22980823 0.01059296 0.62011359
0.22980823 0.01059296 0.62011359 0.02820543
0.01059296 0.62011359 0.02820543 0.27033916
0.62011359 0.02820543 0.27033916 0.87179876
0.02820543 0.27033916 0.87179876 0.34878659
0.27033916 0.87179876 0.34878659 0.07035446
0.87179876 0.34878659 0.07035446 0.86044347
0.34878659 0.07035446 0.86044347 0.16967674
0.07035446 0.86044347 0.16967674 0.50392242
0.86044347 0.16967674 0.50392242 0.20324062
0.16967674 0.50392242 0.20324062 0.14635416
0.50392242 0.20324062 0.14635416 0.06187210
0.20324062 0.14635416 0.06187210 0.73567843
0.14635416 0.06187210 0.73567843 0.40605186
0.06187210 0.73567843 0.40605186 0.26320381
0.73567843 0.40605186 0.26320381 0.42511951
0.40605186 0.26320381 0.42511951 0.57746868
0.26320381 0.42511951 0.57746868 0.02953214
0.42511951 0.57746868 0.02953214 0.08581695
0.57746868 0.02953214 0.08581695 0.09454073
0.02953214 0.08581695 0.09454073 0.29479537
0.08581695 0.09454073 0.29479537 0.63237061
0.09454073 0.29479537 0.63237061 0.69013931
0.29479537 0.63237061 0.69013931 0.53942359
0.63237061 0.69013931 0.53942359 0.09796689
0.69013931 0.53942359 0.09796689 0.08570152
0.53942359 0.09796689 0.08570152 0.40042126
0.09796689 0.08570152 0.40042126 0.38005162
0.08570152 0.40042126 0.38005162 0.16839010
0.40042126 0.38005162 0.16839010 0.13111120
0.38005162 0.16839010 0.13111120 0.70223864
0.16839010 0.13111120 0.70223864 0.41358434
0.13111120 0.70223864 0.41358434 0.73289835
0.70223864 0.41358434 0.73289835 0.51476834
0.41358434 0.73289835 0.51476834 0.65131516
0.73289835 0.51476834 0.65131516 0.37216849
0.51476834 0.65131516 0.37216849 0.23988642
0.65131516 0.37216849 0.23988642 0.16284429
0.37216849 0.23988642 0.16284429 0.54847439
0.23988642 0.16284429 0.54847439 0.40232380
0.16284429 0.54847439 0.40232380 0.89244394
0.54847439 0.40232380 0.89244394 0.43452138
0.40232380 0.89244394 0.43452138 0.77147748
0.89244394 0.43452138 0.77147748 0.59151341
0.43452138 0.77147748 0.59151341 0.03050083
0.77147748 0.59151341 0.03050083 0.08676586
0.59151341 0.03050083 0.08676586 0.58368192
0.03050083 0.08676586 0.58368192 0.64580703
0.08676586 0.58368192 0.64580703 0.07973814
0.58368192 0.64580703 0.07973814 0.60231210
0.64580703 0.07973814 0.60231210 0.96580764
0.07973814 0.60231210 0.96580764 0.41737997
0.60231210 0.96580764 0.41737997 0.07721525
0.96580764 0.41737997 0.07721525 0.13234984
0.41737997 0.07721525 0.13234984 0.87996042
0.07721525 0.13234984 0.87996042 0.31610271
0.13234984 0.87996042 0.31610271 0.61167539
0.87996042 0.31610271 0.61167539 0.70755048
0.31610271 0.61167539 0.70755048 0.31064355
0.61167539 0.70755048 0.31064355 0.99681853
0.70755048 0.31064355 0.99681853 0.37812631
0.31064355 0.99681853 0.37812631 0.68364912
0.99681853 0.37812631 0.68364912 0.43551391
0.37812631 0.68364912 0.43551391 0.78279051
0.68364912 0.43551391 0.78279051 0.54100066
0.43551391 0.78279051 0.54100066 0.08827153
0.78279051 0.54100066 0.08827153 0.56023509
0.54100066 0.08827153 0.56023509 0.94241235
0.08827153 0.56023509 0.94241235 0.95415314
0.56023509 0.94241235 0.95415314 0.06223882
0.94241235 0.95415314 0.06223882 0.24722296
0.95415314 0.06223882 0.24722296 0.17467264
0.06223882 0.24722296 0.17467264 0.85226578
0.24722296 0.17467264 0.85226578 0.14935941
0.17467264 0.85226578 0.14935941 0.80956539
0.85226578 0.14935941 0.80956539 0.12740882
0.14935941 0.80956539 0.12740882 0.01359720
0.80956539 0.12740882 0.01359720 0.83386906
0.12740882 0.01359720 0.83386906 0.97755392
0.01359720 0.83386906 0.97755392 0.54278006
0.83386906 0.97755392 0.54278006 0.13039255
0.97755392 0.54278006 0.13039255 0.62077902
0.54278006 0.13039255 0.62077902 0.47293087
0.13039255 0.62077902 0.47293087 0.01372077
0.62077902 0.47293087 0.01372077 0.68514330
0.47293087 0.01372077 0.68514330 0.90561144
0.01372077 0.68514330 0.90561144 0.63864668
0.68514330 0.90561144 0.63864668 0.54546514
0.90561144 0.63864668 0.54546514 0.47541038
0.63864668 0.54546514 0.47541038 0.42565144
0.54546514 0.47541038 0.42565144 0.01790842
0.47541038 0.42565144 0.01790842 0.65066890
0.42565144 0.01790842 0.65066890 0.57642773
0.01790842 0.65066890 0.57642773 0.07167073
0.65066890 0.57642773 0.07167073 0.68008441
0.57642773 0.07167073 0.68008441 0.30092327
0.07167073 0.68008441 0.30092327 0.97758328
0.68008441 0.30092327 0.97758328 0.63060400
0.30092327 0.97758328 0.63060400 0.94295349
0.97758328 0.63060400 0.94295349 0.87270887
0.63060400 0.94295349 0.87270887 0.05768330
0.94295349 0.87270887 0.05768330 0.63924242
0.87270887 0.05768330 0.63924242 0.82059224
0.05768330 0.63924242 0.82059224 0.98383333
