-5 0.016733763
-4.99 0.01560977938
-4.98 0.0145039542
-4.97 0.01341619183
-4.96 0.01234639681
-4.95 0.0112944739
-4.94 0.01026032801
-4.93 0.009243864289
-4.92 0.008244988044
-4.91 0.007263604788
-4.9 0.006299620223
-4.89 0.005352940244
-4.88 0.004423470937
-4.87 0.00351111858
-4.86 0.002615789642
-4.85 0.001737390785
-4.84 0.0008758288631
-4.83 3.101092107e-05
-4.82 -0.0007971558038
-4.81 -0.001608763882
-4.8 -0.002403905694
-4.79 -0.003182673425
-4.78 -0.003945159072
-4.77 -0.004691454438
-4.76 -0.005421651134
-4.75 -0.00613584058
-4.74 -0.006834114005
-4.73 -0.007516562445
-4.72 -0.008183276742
-4.71 -0.008834347551
-4.7 -0.009469865331
-4.69 -0.01008992035
-4.68 -0.01069460269
-4.67 -0.01128400223
-4.66 -0.01185820866
-4.65 -0.01241731149
-4.64 -0.01296140003
-4.63 -0.01349056339
-4.62 -0.01400489049
-4.61 -0.01450447008
-4.6 -0.0149893907
-4.59 -0.01545974069
-4.58 -0.01591560821
-4.57 -0.01635708123
-4.56 -0.01678424752
-4.55 -0.01719719467
-4.54 -0.01759601007
-4.53 -0.01798078092
-4.52 -0.01835159421
-4.51 -0.01870853678
-4.5 -0.01905169523
-4.49 -0.01938115602
-4.48 -0.01969700536
-4.47 -0.01999932931
-4.46 -0.02028821373
-4.45 -0.02056374428
-4.44 -0.02082600644
-4.43 -0.02107508547
-4.42 -0.02131106648
-4.41 -0.02153403436
-4.4 -0.02174407381
-4.39 -0.02194126935
-4.38 -0.02212570529
-4.37 -0.02229746578
-4.36 -0.02245663473
-4.35 -0.0226032959
-4.34 -0.02273753285
-4.33 -0.02285942894
-4.32 -0.02296906732
-4.31 -0.02306653099
-4.3 -0.02315190273
-4.29 -0.02322526514
-4.28 -0.02328670061
-4.27 -0.02333629135
-4.26 -0.02337411939
-4.25 -0.02340026656
-4.24 -0.02341481448
-4.23 -0.0234178446
-4.22 -0.02340943818
-4.21 -0.02338967626
-4.2 -0.02335863973
-4.19 -0.02331640925
-4.18 -0.02326306531
-4.17 -0.02319868821
-4.16 -0.02312335803
-4.15 -0.02303715469
-4.14 -0.02294015791
-4.13 -0.02283244721
-4.12 -0.02271410193
-4.11 -0.0225852012
-4.1 -0.02244582397
-4.09 -0.02229604901
-4.08 -0.02213595487
-4.07 -0.02196561993
-4.06 -0.02178512237
-4.05 -0.02159454019
-4.04 -0.02139395117
-4.03 -0.02118343294
-4.02 -0.02096306289
-4.01 -0.02073291825
-4 -0.02049307605
-3.99 -0.02024361314
-3.98 -0.01998460616
-3.97 -0.01971613155
-3.96 -0.0194382656
-3.95 -0.01915108436
-3.94 -0.01885466372
-3.93 -0.01854907937
-3.92 -0.01823440679
-3.91 -0.0179107213
-3.9 -0.017578098
-3.89 -0.01723661182
-3.88 -0.01688633749
-3.87 -0.01652734953
-3.86 -0.01615972231
-3.85 -0.01578352995
-3.84 -0.01539884644
-3.83 -0.01500574554
-3.82 -0.01460430082
-3.81 -0.01419458567
-3.8 -0.01377667328
-3.79 -0.01335063666
-3.78 -0.01291654861
-3.77 -0.01247448176
-3.76 -0.01202450852
-3.75 -0.01156670114
-3.74 -0.01110113165
-3.73 -0.01062787191
-3.72 -0.01014699357
-3.71 -0.009658568102
-3.7 -0.009162666778
-3.69 -0.008659360683
-3.68 -0.008148720707
-3.67 -0.00763081755
-3.66 -0.007105721718
-3.65 -0.006573503529
-3.64 -0.006034233104
-3.63 -0.005487980377
-3.62 -0.004934815086
-3.61 -0.004374806781
-3.6 -0.003808024817
-3.59 -0.003234538359
-3.58 -0.002654416379
-3.57 -0.002067727658
-3.56 -0.001474540785
-3.55 -0.0008749241564
-3.54 -0.000268945978
-3.53 0.0003433257372
-3.52 0.0009618231678
-3.51 0.001586478684
-3.5 0.002217224849
-3.49 0.002853994416
-3.48 0.003496720332
-3.47 0.004145335733
-3.46 0.004799773951
-3.45 0.005459968506
-3.44 0.006125853113
-3.43 0.006797361676
-3.42 0.007474428292
-3.41 0.008156987251
-3.4 0.008844973034
-3.39 0.009538320312
-3.38 0.01023696395
-3.37 0.01094083901
-3.36 0.01164988073
-3.35 0.01236402456
-3.34 0.01308320612
-3.33 0.01380736125
-3.32 0.01453642596
-3.31 0.01527033645
-3.3 0.01600902912
-3.29 0.01675244057
-3.28 0.01750050758
-3.27 0.01825316712
-3.26 0.01901035637
-3.25 0.01977201267
-3.24 0.02053807358
-3.23 0.02130847685
-3.22 0.0220831604
-3.21 0.02286206237
-3.2 0.02364512106
-3.19 0.024432275
-3.18 0.02522346288
-3.17 0.0260186236
-3.16 0.02681769623
-3.15 0.02762062007
-3.14 0.02842733458
-3.13 0.02923777941
-3.12 0.03005189443
-3.11 0.03086961967
-3.1 0.03169089538
-3.09 0.03251566198
-3.08 0.03334386009
-3.07 0.03417543052
-3.06 0.03501031429
-3.05 0.03584845257
-3.04 0.03668978677
-3.03 0.03753425846
-3.02 0.03838180942
-3.01 0.0392323816
-3 0.04008591716
-2.99 0.04094235845
-2.98 0.041801648
-2.97 0.04266372856
-2.96 0.04352854303
-2.95 0.04439603455
-2.94 0.0452661464
-2.93 0.04613882209
-2.92 0.04701400531
-2.91 0.04789163994
-2.9 0.04877167006
-2.89 0.04965403993
-2.88 0.050538694
-2.87 0.05142557694
-2.86 0.05231463357
-2.85 0.05320580893
-2.84 0.05409904825
-2.83 0.05499429694
-2.82 0.05589150062
-2.81 0.05679060508
-2.8 0.05769155631
-2.79 0.0585943005
-2.78 0.05949878402
-2.77 0.06040495345
-2.76 0.06131275554
-2.75 0.06222213724
-2.74 0.0631330457
-2.73 0.06404542826
-2.72 0.06495923243
-2.71 0.06587440594
-2.7 0.0667908967
-2.69 0.06770865281
-2.68 0.06862762257
-2.67 0.06954775447
-2.66 0.07046899717
-2.65 0.07139129956
-2.64 0.07231461069
-2.63 0.07323887981
-2.62 0.07416405638
-2.61 0.07509009004
-2.6 0.0760169306
-2.59 0.07694452809
-2.58 0.07787283273
-2.57 0.07880179492
-2.56 0.07973136525
-2.55 0.08066149452
-2.54 0.08159213371
-2.53 0.08252323398
-2.52 0.08345474671
-2.51 0.08438662344
-2.5 0.08531881593
-2.49 0.08625127612
-2.48 0.08718395614
-2.47 0.08811680831
-2.46 0.08904978514
-2.45 0.08998283935
-2.44 0.09091592384
-2.43 0.09184899169
-2.42 0.09278199618
-2.41 0.0937148908
-2.4 0.09464762921
-2.39 0.09558016526
-2.38 0.09651245301
-2.37 0.09744444671
-2.36 0.09837610077
-2.35 0.09930736984
-2.34 0.1002382087
-2.33 0.1011685724
-2.32 0.1020984162
-2.31 0.1030276953
-2.3 0.1039563655
-2.29 0.1048843824
-2.28 0.1058117021
-2.27 0.1067382808
-2.26 0.1076640746
-2.25 0.1085890403
-2.24 0.1095131346
-2.23 0.1104363143
-2.22 0.1113585366
-2.21 0.1122797588
-2.2 0.1131999384
-2.19 0.1141190331
-2.18 0.1150370009
-2.17 0.1159537997
-2.16 0.1168693878
-2.15 0.1177837237
-2.14 0.1186967662
-2.13 0.1196084739
-2.12 0.1205188059
-2.11 0.1214277216
-2.1 0.1223351802
-2.09 0.1232411415
-2.08 0.1241455651
-2.07 0.1250484112
-2.06 0.1259496399
-2.05 0.1268492116
-2.04 0.1277470868
-2.03 0.1286432264
-2.02 0.1295375913
-2.01 0.1304301425
-2 0.1313208416
-1.99 0.13220965
-1.98 0.1330965294
-1.97 0.1339814417
-1.96 0.1348643491
-1.95 0.1357452139
-1.94 0.1366239985
-1.93 0.1375006657
-1.92 0.1383751782
-1.91 0.1392474992
-1.9 0.140117592
-1.89 0.1409854199
-1.88 0.1418509467
-1.87 0.1427141362
-1.86 0.1435749523
-1.85 0.1444333593
-1.84 0.1452893217
-1.83 0.146142804
-1.82 0.146993771
-1.81 0.1478421877
-1.8 0.1486880193
-1.79 0.1495312311
-1.78 0.1503717887
-1.77 0.1512096579
-1.76 0.1520448047
-1.75 0.152877195
-1.74 0.1537067954
-1.73 0.1545335723
-1.72 0.1553574923
-1.71 0.1561785225
-1.7 0.1569966299
-1.69 0.1578117818
-1.68 0.1586239456
-1.67 0.1594330892
-1.66 0.1602391802
-1.65 0.1610421868
-1.64 0.1618420773
-1.63 0.16263882
-1.62 0.1634323836
-1.61 0.1642227369
-1.6 0.1650098489
-1.59 0.1657936889
-1.58 0.1665742262
-1.57 0.1673514305
-1.56 0.1681252714
-1.55 0.168895719
-1.54 0.1696627435
-1.53 0.1704263152
-1.52 0.1711864047
-1.51 0.1719429826
-1.5 0.17269602
-1.49 0.1734454879
-1.48 0.1741913578
-1.47 0.174933601
-1.46 0.1756721893
-1.45 0.1764070945
-1.44 0.1771382889
-1.43 0.1778657446
-1.42 0.178589434
-1.41 0.17930933
-1.4 0.1800254053
-1.39 0.1807376329
-1.38 0.1814459862
-1.37 0.1821504385
-1.36 0.1828509634
-1.35 0.1835475348
-1.34 0.1842401267
-1.33 0.1849287132
-1.32 0.1856132688
-1.31 0.186293768
-1.3 0.1869701856
-1.29 0.1876424965
-1.28 0.188310676
-1.27 0.1889746993
-1.26 0.189634542
-1.25 0.1902901799
-1.24 0.1909415888
-1.23 0.1915887449
-1.22 0.1922316244
-1.21 0.192870204
-1.2 0.1935044601
-1.19 0.1941343698
-1.18 0.1947599102
-1.17 0.1953810584
-1.16 0.1959977919
-1.15 0.1966100884
-1.14 0.1972179258
-1.13 0.197821282
-1.12 0.1984201352
-1.11 0.199014464
-1.1 0.1996042469
-1.09 0.2001894627
-1.08 0.2007700903
-1.07 0.2013461091
-1.06 0.2019174983
-1.05 0.2024842375
-1.04 0.2030463065
-1.03 0.2036036853
-1.02 0.2041563539
-1.01 0.2047042927
-1 0.2052474823
-0.99 0.2057859033
-0.98 0.2063195367
-0.97 0.2068483635
-0.96 0.2073723651
-0.95 0.207891523
-0.94 0.2084058188
-0.93 0.2089152343
-0.92 0.2094197518
-0.91 0.2099193533
-0.9 0.2104140214
-0.89 0.2109037387
-0.88 0.2113884879
-0.87 0.2118682523
-0.86 0.2123430149
-0.85 0.2128127591
-0.84 0.2132774686
-0.83 0.2137371271
-0.82 0.2141917187
-0.81 0.2146412274
-0.8 0.2150856377
-0.79 0.2155249342
-0.78 0.2159591014
-0.77 0.2163881245
-0.76 0.2168119885
-0.75 0.2172306788
-0.74 0.2176441808
-0.73 0.2180524803
-0.72 0.2184555632
-0.71 0.2188534155
-0.7 0.2192460236
-0.69 0.2196333739
-0.68 0.220015453
-0.67 0.220392248
-0.66 0.2207637457
-0.65 0.2211299334
-0.64 0.2214907986
-0.63 0.2218463289
-0.62 0.2221965122
-0.61 0.2225413363
-0.6 0.2228807896
-0.59 0.2232148603
-0.58 0.2235435372
-0.57 0.2238668089
-0.56 0.2241846645
-0.55 0.2244970931
-0.54 0.224804084
-0.53 0.2251056268
-0.52 0.2254017113
-0.51 0.2256923273
-0.5 0.225977465
-0.49 0.2262571147
-0.48 0.2265312669
-0.47 0.2267999123
-0.46 0.2270630417
-0.45 0.2273206463
-0.44 0.2275727174
-0.43 0.2278192463
-0.42 0.2280602248
-0.41 0.2282956446
-0.4 0.2285254979
-0.39 0.2287497768
-0.38 0.2289684738
-0.37 0.2291815815
-0.36 0.2293890927
-0.35 0.2295910004
-0.34 0.2297872977
-0.33 0.2299779782
-0.32 0.2301630352
-0.31 0.2303424627
-0.3 0.2305162545
-0.29 0.2306844048
-0.28 0.230846908
-0.27 0.2310037586
-0.26 0.2311549512
-0.25 0.2313004809
-0.24 0.2314403427
-0.23 0.2315745319
-0.22 0.231703044
-0.21 0.2318258748
-0.2 0.23194302
-0.19 0.2320544757
-0.18 0.2321602383
-0.17 0.2322603041
-0.16 0.2323546698
-0.15 0.2324433322
-0.14 0.2325262883
-0.13 0.2326035355
-0.12 0.232675071
-0.11 0.2327408925
-0.1 0.2328009978
-0.09 0.2328553849
-0.08 0.2329040518
-0.07 0.2329469971
-0.06 0.2329842193
-0.05 0.2330157171
-0.04 0.2330414895
-0.03 0.2330615355
-0.02 0.2330758546
-0.01 0.2330844463
-6.230779781e-14 0.2330873102
0.01 0.2330844463
0.02 0.2330758546
0.03 0.2330615355
0.04 0.2330414895
0.05 0.2330157171
0.06 0.2329842193
0.07 0.2329469971
0.08 0.2329040518
0.09 0.2328553849
0.1 0.2328009978
0.11 0.2327408925
0.12 0.232675071
0.13 0.2326035355
0.14 0.2325262883
0.15 0.2324433322
0.16 0.2323546698
0.17 0.2322603041
0.18 0.2321602383
0.19 0.2320544757
0.2 0.23194302
0.21 0.2318258748
0.22 0.231703044
0.23 0.2315745319
0.24 0.2314403427
0.25 0.2313004809
0.26 0.2311549512
0.27 0.2310037586
0.28 0.230846908
0.29 0.2306844048
0.3 0.2305162545
0.31 0.2303424627
0.32 0.2301630352
0.33 0.2299779782
0.34 0.2297872977
0.35 0.2295910004
0.36 0.2293890927
0.37 0.2291815815
0.38 0.2289684738
0.39 0.2287497768
0.4 0.2285254979
0.41 0.2282956446
0.42 0.2280602248
0.43 0.2278192463
0.44 0.2275727174
0.45 0.2273206463
0.46 0.2270630417
0.47 0.2267999123
0.48 0.2265312669
0.49 0.2262571147
0.5 0.225977465
0.51 0.2256923273
0.52 0.2254017113
0.53 0.2251056268
0.54 0.224804084
0.55 0.2244970931
0.56 0.2241846645
0.57 0.2238668089
0.58 0.2235435372
0.59 0.2232148603
0.6 0.2228807896
0.61 0.2225413363
0.62 0.2221965122
0.63 0.2218463289
0.64 0.2214907986
0.65 0.2211299334
0.66 0.2207637457
0.67 0.220392248
0.68 0.220015453
0.69 0.2196333739
0.7 0.2192460236
0.71 0.2188534155
0.72 0.2184555632
0.73 0.2180524803
0.74 0.2176441808
0.75 0.2172306788
0.76 0.2168119885
0.77 0.2163881245
0.78 0.2159591014
0.79 0.2155249342
0.8 0.2150856377
0.81 0.2146412274
0.82 0.2141917187
0.83 0.2137371271
0.84 0.2132774686
0.85 0.2128127591
0.86 0.2123430149
0.87 0.2118682523
0.88 0.2113884879
0.89 0.2109037387
0.9 0.2104140214
0.91 0.2099193533
0.92 0.2094197518
0.93 0.2089152343
0.94 0.2084058188
0.95 0.207891523
0.96 0.2073723651
0.97 0.2068483635
0.98 0.2063195367
0.99 0.2057859033
1 0.2052474823
1.01 0.2047042927
1.02 0.2041563539
1.03 0.2036036853
1.04 0.2030463065
1.05 0.2024842375
1.06 0.2019174983
1.07 0.2013461091
1.08 0.2007700903
1.09 0.2001894627
1.1 0.1996042469
1.11 0.199014464
1.12 0.1984201352
1.13 0.197821282
1.14 0.1972179258
1.15 0.1966100884
1.16 0.1959977919
1.17 0.1953810584
1.18 0.1947599102
1.19 0.1941343698
1.2 0.1935044601
1.21 0.192870204
1.22 0.1922316244
1.23 0.1915887449
1.24 0.1909415888
1.25 0.1902901799
1.26 0.189634542
1.27 0.1889746993
1.28 0.188310676
1.29 0.1876424965
1.3 0.1869701856
1.31 0.186293768
1.32 0.1856132688
1.33 0.1849287132
1.34 0.1842401267
1.35 0.1835475348
1.36 0.1828509634
1.37 0.1821504385
1.38 0.1814459862
1.39 0.1807376329
1.4 0.1800254053
1.41 0.17930933
1.42 0.178589434
1.43 0.1778657446
1.44 0.1771382889
1.45 0.1764070945
1.46 0.1756721893
1.47 0.174933601
1.48 0.1741913578
1.49 0.1734454879
1.5 0.17269602
1.51 0.1719429826
1.52 0.1711864047
1.53 0.1704263152
1.54 0.1696627435
1.55 0.168895719
1.56 0.1681252714
1.57 0.1673514305
1.58 0.1665742262
1.59 0.1657936889
1.6 0.1650098489
1.61 0.1642227369
1.62 0.1634323836
1.63 0.16263882
1.64 0.1618420773
1.65 0.1610421868
1.66 0.1602391802
1.67 0.1594330892
1.68 0.1586239456
1.69 0.1578117818
1.7 0.1569966299
1.71 0.1561785225
1.72 0.1553574923
1.73 0.1545335723
1.74 0.1537067954
1.75 0.152877195
1.76 0.1520448047
1.77 0.1512096579
1.78 0.1503717887
1.79 0.1495312311
1.8 0.1486880193
1.81 0.1478421877
1.82 0.146993771
1.83 0.146142804
1.84 0.1452893217
1.85 0.1444333593
1.86 0.1435749523
1.87 0.1427141362
1.88 0.1418509467
1.89 0.1409854199
1.9 0.140117592
1.91 0.1392474992
1.92 0.1383751782
1.93 0.1375006657
1.94 0.1366239985
1.95 0.1357452139
1.96 0.1348643491
1.97 0.1339814417
1.98 0.1330965294
1.99 0.13220965
2 0.1313208416
2.01 0.1304301425
2.02 0.1295375913
2.03 0.1286432264
2.04 0.1277470868
2.05 0.1268492116
2.06 0.1259496399
2.07 0.1250484112
2.08 0.1241455651
2.09 0.1232411415
2.1 0.1223351802
2.11 0.1214277216
2.12 0.1205188059
2.13 0.1196084739
2.14 0.1186967662
2.15 0.1177837237
2.16 0.1168693878
2.17 0.1159537997
2.18 0.1150370009
2.19 0.1141190331
2.2 0.1131999384
2.21 0.1122797588
2.22 0.1113585366
2.23 0.1104363143
2.24 0.1095131346
2.25 0.1085890403
2.26 0.1076640746
2.27 0.1067382808
2.28 0.1058117021
2.29 0.1048843824
2.3 0.1039563655
2.31 0.1030276953
2.32 0.1020984162
2.33 0.1011685724
2.34 0.1002382087
2.35 0.09930736984
2.36 0.09837610077
2.37 0.09744444671
2.38 0.09651245301
2.39 0.09558016526
2.4 0.09464762921
2.41 0.0937148908
2.42 0.09278199618
2.43 0.09184899169
2.44 0.09091592384
2.45 0.08998283935
2.46 0.08904978514
2.47 0.08811680831
2.48 0.08718395614
2.49 0.08625127612
2.5 0.08531881593
2.51 0.08438662344
2.52 0.08345474671
2.53 0.08252323398
2.54 0.08159213371
2.55 0.08066149452
2.56 0.07973136525
2.57 0.07880179492
2.58 0.07787283273
2.59 0.07694452809
2.6 0.0760169306
2.61 0.07509009004
2.62 0.07416405638
2.63 0.07323887981
2.64 0.07231461069
2.65 0.07139129956
2.66 0.07046899717
2.67 0.06954775447
2.68 0.06862762257
2.69 0.06770865281
2.7 0.0667908967
2.71 0.06587440594
2.72 0.06495923243
2.73 0.06404542826
2.74 0.0631330457
2.75 0.06222213724
2.76 0.06131275554
2.77 0.06040495345
2.78 0.05949878402
2.79 0.0585943005
2.8 0.05769155631
2.81 0.05679060508
2.82 0.05589150062
2.83 0.05499429694
2.84 0.05409904825
2.85 0.05320580893
2.86 0.05231463357
2.87 0.05142557694
2.88 0.050538694
2.89 0.04965403993
2.9 0.04877167006
2.91 0.04789163994
2.92 0.04701400531
2.93 0.04613882209
2.94 0.0452661464
2.95 0.04439603455
2.96 0.04352854303
2.97 0.04266372856
2.98 0.041801648
2.99 0.04094235845
3 0.04008591716
3.01 0.0392323816
3.02 0.03838180942
3.03 0.03753425846
3.04 0.03668978677
3.05 0.03584845257
3.06 0.03501031429
3.07 0.03417543052
3.08 0.03334386009
3.09 0.03251566198
3.1 0.03169089538
3.11 0.03086961967
3.12 0.03005189443
3.13 0.02923777941
3.14 0.02842733458
3.15 0.02762062007
3.16 0.02681769623
3.17 0.0260186236
3.18 0.02522346288
3.19 0.024432275
3.2 0.02364512106
3.21 0.02286206237
3.22 0.0220831604
3.23 0.02130847685
3.24 0.02053807358
3.25 0.01977201267
3.26 0.01901035637
3.27 0.01825316712
3.28 0.01750050758
3.29 0.01675244057
3.3 0.01600902912
3.31 0.01527033645
3.32 0.01453642596
3.33 0.01380736125
3.34 0.01308320612
3.35 0.01236402456
3.36 0.01164988073
3.37 0.01094083901
3.38 0.01023696395
3.39 0.009538320312
3.4 0.008844973034
3.41 0.008156987251
3.42 0.007474428292
3.43 0.006797361676
3.44 0.006125853113
3.45 0.005459968506
3.46 0.004799773951
3.47 0.004145335733
3.48 0.003496720332
3.49 0.002853994416
3.5 0.002217224849
3.51 0.001586478684
3.52 0.0009618231678
3.53 0.0003433257372
3.54 -0.000268945978
3.55 -0.0008749241564
3.56 -0.001474540785
3.57 -0.002067727658
3.58 -0.002654416379
3.59 -0.003234538359
3.6 -0.003808024817
3.61 -0.004374806781
3.62 -0.004934815086
3.63 -0.005487980377
3.64 -0.006034233104
3.65 -0.006573503529
3.66 -0.007105721718
3.67 -0.00763081755
3.68 -0.008148720707
3.69 -0.008659360683
3.7 -0.009162666778
3.71 -0.009658568102
3.72 -0.01014699357
3.73 -0.01062787191
3.74 -0.01110113165
3.75 -0.01156670114
3.76 -0.01202450852
3.77 -0.01247448176
3.78 -0.01291654861
3.79 -0.01335063666
3.8 -0.01377667328
3.81 -0.01419458567
3.82 -0.01460430082
3.83 -0.01500574554
3.84 -0.01539884644
3.85 -0.01578352995
3.86 -0.01615972231
3.87 -0.01652734953
3.88 -0.01688633749
3.89 -0.01723661182
3.9 -0.017578098
3.91 -0.0179107213
3.92 -0.01823440679
3.93 -0.01854907937
3.94 -0.01885466372
3.95 -0.01915108436
3.96 -0.0194382656
3.97 -0.01971613155
3.98 -0.01998460616
3.99 -0.02024361314
4 -0.02049307605
4.01 -0.02073291825
4.02 -0.02096306289
4.03 -0.02118343294
4.04 -0.02139395117
4.05 -0.02159454019
4.06 -0.02178512237
4.07 -0.02196561993
4.08 -0.02213595487
4.09 -0.02229604901
4.1 -0.02244582397
4.11 -0.0225852012
4.12 -0.02271410193
4.13 -0.02283244721
4.14 -0.02294015791
4.15 -0.02303715469
4.16 -0.02312335803
4.17 -0.02319868821
4.18 -0.02326306531
4.19 -0.02331640925
4.2 -0.02335863973
4.21 -0.02338967626
4.22 -0.02340943818
4.23 -0.0234178446
4.24 -0.02341481448
4.25 -0.02340026656
4.26 -0.02337411939
4.27 -0.02333629135
4.28 -0.02328670061
4.29 -0.02322526514
4.3 -0.02315190273
4.31 -0.02306653099
4.32 -0.02296906732
4.33 -0.02285942894
4.34 -0.02273753285
4.35 -0.0226032959
4.36 -0.02245663473
4.37 -0.02229746578
4.38 -0.02212570529
4.39 -0.02194126935
4.4 -0.02174407381
4.41 -0.02153403436
4.42 -0.02131106648
4.43 -0.02107508547
4.44 -0.02082600644
4.45 -0.02056374428
4.46 -0.02028821373
4.47 -0.01999932931
4.48 -0.01969700536
4.49 -0.01938115602
4.5 -0.01905169523
4.51 -0.01870853678
4.52 -0.01835159421
4.53 -0.01798078092
4.54 -0.01759601007
4.55 -0.01719719467
4.56 -0.01678424752
4.57 -0.01635708123
4.58 -0.01591560821
4.59 -0.01545974069
4.6 -0.0149893907
4.61 -0.01450447008
4.62 -0.01400489049
4.63 -0.01349056339
4.64 -0.01296140003
4.65 -0.01241731149
4.66 -0.01185820866
4.67 -0.01128400223
4.68 -0.01069460269
4.69 -0.01008992035
4.7 -0.009469865331
4.71 -0.008834347551
4.72 -0.008183276742
4.73 -0.007516562445
4.74 -0.006834114005
4.75 -0.00613584058
4.76 -0.005421651134
4.77 -0.004691454438
4.78 -0.003945159072
4.79 -0.003182673425
4.8 -0.002403905694
4.81 -0.001608763882
4.82 -0.0007971558038
4.83 3.101092106e-05
4.84 0.0008758288631
4.85 0.001737390785
4.86 0.002615789642
4.87 0.00351111858
4.88 0.004423470937
4.89 0.005352940244
4.9 0.006299620223
4.91 0.007263604788
4.92 0.008244988044
4.93 0.009243864289
4.94 0.01026032801
4.95 0.0112944739
4.96 0.01234639681
4.97 0.01341619183
4.98 0.0145039542
4.99 0.01560977938
5 0.016733763


-5 -0.06500362462
-4.99 -0.04998548103
-4.98 -0.0361162458
-4.97 -0.02334595962
-4.96 -0.01162609715
-4.95 -0.0009095382553
-4.94 0.008849460451
-4.93 0.01769529359
-4.92 0.02567103464
-4.91 0.03281846311
-4.9 0.03917809136
-4.89 0.04478919101
-4.88 0.04968981893
-4.87 0.05391684292
-4.86 0.05750596692
-4.85 0.06049175592
-4.84 0.06290766043
-4.83 0.06478604062
-4.82 0.0661581901
-4.81 0.06705435933
-4.8 0.06750377864
-4.79 0.06753468093
-4.78 0.06717432404
-4.77 0.06644901272
-4.76 0.06538412029
-4.75 0.06400410997
-4.74 0.06233255582
-4.73 0.06039216345
-4.72 0.05820479029
-4.71 0.05579146561
-4.7 0.05317241018
-4.69 0.05036705565
-4.68 0.04739406357
-4.67 0.04427134416
-4.66 0.0410160747
-4.65 0.03764471768
-4.64 0.03417303859
-4.63 0.03061612352
-4.62 0.02698839632
-4.61 0.02330363559
-4.6 0.01957499131
-4.59 0.01581500127
-4.58 0.01203560708
-4.57 0.008248170091
-4.56 0.00446348686
-4.55 0.0006918044707
-4.54 -0.003057164469
-4.53 -0.00677422708
-4.52 -0.01045069573
-4.51 -0.01407837379
-4.5 -0.01764954168
-4.49 -0.02115694315
-4.48 -0.02459377179
-4.47 -0.02795365779
-4.46 -0.031230655
-4.45 -0.03441922815
-4.44 -0.03751424032
-4.43 -0.04051094074
-4.42 -0.04340495265
-4.41 -0.04619226155
-4.4 -0.04886920361
-4.39 -0.05143245423
-4.38 -0.05387901697
-4.37 -0.05620621258
-4.36 -0.05841166828
-4.35 -0.06049330727
-4.34 -0.06244933839
-4.33 -0.06427824609
-4.32 -0.06597878047
-4.31 -0.06754994764
-4.3 -0.06899100022
-4.29 -0.07030142801
-4.28 -0.07148094894
-4.27 -0.07252950012
-4.26 -0.07344722912
-4.25 -0.07423448542
-4.24 -0.0748918121
-4.23 -0.07541993761
-4.22 -0.07581976777
-4.21 -0.07609237801
-4.2 -0.07623900564
-4.19 -0.07626104243
-4.18 -0.07616002726
-4.17 -0.075937639
-4.16 -0.07559568951
-4.15 -0.07513611683
-4.14 -0.07456097852
-4.13 -0.07387244516
-4.12 -0.07307279398
-4.11 -0.07216440268
-4.1 -0.07114974338
-4.09 -0.07003137673
-4.08 -0.06881194615
-4.07 -0.06749417219
-4.06 -0.06608084714
-4.05 -0.06457482961
-4.04 -0.06297903942
-4.03 -0.06129645248
-4.02 -0.05953009594
-4.01 -0.05768304331
-4 -0.05575840989
-3.99 -0.05375934818
-3.98 -0.0516890435
-3.97 -0.04955070967
-3.96 -0.04734758492
-3.95 -0.04508292775
-3.94 -0.04276001309
-3.93 -0.04038212846
-3.92 -0.03795257025
-3.91 -0.03547464018
-3.9 -0.03295164182
-3.89 -0.03038687718
-3.88 -0.02778364352
-3.87 -0.02514523017
-3.86 -0.02247491547
-3.85 -0.01977596385
-3.84 -0.01705162294
-3.83 -0.01430512089
-3.82 -0.01153966364
-3.81 -0.008758432453
-3.8 -0.005964581356
-3.79 -0.003161234838
-3.78 -0.0003514855406
-3.77 0.002461607929
-3.76 0.005275023108
-3.75 0.008085775694
-3.74 0.01089092149
-3.73 0.01368755824
-3.72 0.01647282744
-3.71 0.01924391599
-3.7 0.02199805784
-3.69 0.02473253554
-3.68 0.02744468165
-3.67 0.0301318802
-3.66 0.03279156799
-3.65 0.03542123582
-3.64 0.03801842967
-3.63 0.04058075185
-3.62 0.04310586202
-3.61 0.04559147818
-3.6 0.04803537758
-3.59 0.05043539756
-3.58 0.0527894364
-3.57 0.055095454
-3.56 0.05735147257
-3.55 0.05955557725
-3.54 0.0617059167
-3.53 0.06380070356
-3.52 0.06583821493
-3.51 0.06781679276
-3.5 0.06973484423
-3.49 0.07159084199
-3.48 0.07338332449
-3.47 0.07511089611
-3.46 0.07677222735
-3.45 0.07836605494
-3.44 0.07989118191
-3.43 0.08134647759
-3.42 0.08273087761
-3.41 0.08404338384
-3.4 0.08528306427
-3.39 0.08644905289
-3.38 0.08754054951
-3.37 0.08855681951
-3.36 0.08949719364
-3.35 0.09036106769
-3.34 0.0911479022
-3.33 0.09185722206
-3.32 0.0924886162
-3.31 0.09304173708
-3.3 0.0935163003
-3.29 0.0939120841
-3.28 0.09422892888
-3.27 0.0944667366
-3.26 0.09462547031
-3.25 0.09470515346
-3.24 0.09470586938
-3.23 0.09462776058
-3.22 0.09447102811
-3.21 0.09423593088
-3.2 0.09392278493
-3.19 0.09353196275
-3.18 0.09306389248
-3.17 0.09251905716
-3.16 0.09189799398
-3.15 0.09120129341
-3.14 0.09042959844
-3.13 0.08958360369
-3.12 0.0886640546
-3.11 0.08767174654
-3.1 0.08660752392
-3.09 0.0854722793
-3.08 0.08426695247
-3.07 0.08299252955
-3.06 0.08165004204
-3.05 0.08024056587
-3.04 0.07876522042
-3.03 0.07722516762
-3.02 0.07562161091
-3.01 0.07395579426
-3 0.07222900124
-2.99 0.07044255393
-2.98 0.06859781197
-2.97 0.06669617152
-2.96 0.06473906427
-2.95 0.06272795638
-2.94 0.06066434745
-2.93 0.05854976953
-2.92 0.05638578602
-2.91 0.05417399067
-2.9 0.05191600653
-2.89 0.04961348487
-2.88 0.0472681042
-2.87 0.04488156913
-2.86 0.0424556094
-2.85 0.03999197877
-2.84 0.03749245402
-2.83 0.03495883385
-2.82 0.03239293785
-2.81 0.02979660548
-2.8 0.02717169496
-2.79 0.0245200823
-2.78 0.02184366018
-2.77 0.01914433697
-2.76 0.01642403568
-2.75 0.0136846929
-2.74 0.0109282578
-2.73 0.008156691108
-2.72 0.005371964063
-2.71 0.002576057427
-2.7 -0.0002290395374
-2.69 -0.003041330068
-2.68 -0.005858810897
-2.67 -0.008679473247
-2.66 -0.01150130381
-2.65 -0.01432228574
-2.64 -0.01714039959
-2.63 -0.01995362432
-2.62 -0.02275993821
-2.61 -0.02555731984
-2.6 -0.028343749
-2.59 -0.03111720765
-2.58 -0.03387568081
-2.57 -0.03661715751
-2.56 -0.03933963165
-2.55 -0.04204110294
-2.54 -0.04471957773
-2.53 -0.04737306994
-2.52 -0.04999960188
-2.51 -0.05259720514
-2.5 -0.05516392139
-2.49 -0.05769780326
-2.48 -0.06019691513
-2.47 -0.06265933395
-2.46 -0.06508315003
-2.45 -0.06746646786
-2.44 -0.06980740683
-2.43 -0.07210410205
-2.42 -0.07435470509
-2.41 -0.07655738468
-2.4 -0.07871032749
-2.39 -0.08081173884
-2.38 -0.08285984336
-2.37 -0.08485288572
-2.36 -0.08678913133
-2.35 -0.08866686694
-2.34 -0.09048440136
-2.33 -0.09224006604
-2.32 -0.09393221577
-2.31 -0.09555922922
-2.3 -0.0971195096
-2.29 -0.0986114852
-2.28 -0.10003361
-2.27 -0.1013843642
-2.26 -0.1026622549
-2.25 -0.1038658163
-2.24 -0.1049936107
-2.23 -0.1060442285
-2.22 -0.1070162891
-2.21 -0.1079084413
-2.2 -0.1087193634
-2.19 -0.1094477643
-2.18 -0.1100923833
-2.17 -0.1106519909
-2.16 -0.1111253892
-2.15 -0.1115114121
-2.14 -0.1118089259
-2.13 -0.1120168295
-2.12 -0.1121340548
-2.11 -0.112159567
-2.1 -0.1120923653
-2.09 -0.1119314826
-2.08 -0.1116759862
-2.07 -0.111324978
-2.06 -0.1108775948
-2.05 -0.1103330086
-2.04 -0.1096904265
-2.03 -0.1089490914
-2.02 -0.1081082822
-2.01 -0.1071673134
-2 -0.106125536
-1.99 -0.1049823374
-1.98 -0.1037371415
-1.97 -0.1023894089
-1.96 -0.100938637
-1.95 -0.09938436026
-1.94 -0.09772615022
-1.93 -0.09596361554
-1.92 -0.09409640218
-1.91 -0.09212419341
-1.9 -0.09004670992
-1.89 -0.0878637098
-1.88 -0.08557498866
-1.87 -0.08318037955
-1.86 -0.08067975305
-1.85 -0.07807301722
-1.84 -0.07536011759
-1.83 -0.07254103714
-1.82 -0.06961579624
-1.81 -0.06658445261
-1.8 -0.06344710126
-1.79 -0.06020387439
-1.78 -0.05685494131
-1.77 -0.05340050832
-1.76 -0.04984081865
-1.75 -0.04617615225
-1.74 -0.04240682574
-1.73 -0.0385331922
-1.72 -0.03455564102
-1.71 -0.03047459776
-1.7 -0.02629052393
-1.69 -0.02200391683
-1.68 -0.01761530931
-1.67 -0.0131252696
-1.66 -0.008534401041
-1.65 -0.00384334188
-1.64 0.0009472349882
-1.63 0.005836622274
-1.62 0.01082407856
-1.61 0.01590882857
-1.6 0.02109006346
-1.59 0.02636694112
-1.58 0.03173858645
-1.57 0.03720409172
-1.56 0.04276251685
-1.55 0.04841288975
-1.54 0.05415420669
-1.53 0.0599854326
-1.52 0.06590550148
-1.51 0.07191331671
-1.5 0.07800775149
-1.49 0.08418764917
-1.48 0.09045182365
-1.47 0.0967990598
-1.46 0.1032281139
-1.45 0.1097377138
-1.44 0.1163265598
-1.43 0.1229933248
-1.42 0.1297366546
-1.41 0.1365551686
-1.4 0.1434474601
-1.39 0.1504120968
-1.38 0.1574476215
-1.37 0.164552552
-1.36 0.1717253821
-1.35 0.1789645818
-1.34 0.186268598
-1.33 0.1936358548
-1.32 0.2010647539
-1.31 0.2085536757
-1.3 0.2161009788
-1.29 0.2237050016
-1.28 0.231364062
-1.27 0.2390764584
-1.26 0.2468404699
-1.25 0.2546543571
-1.24 0.2625163624
-1.23 0.2704247108
-1.22 0.2783776103
-1.21 0.2863732522
-1.2 0.2944098123
-1.19 0.3024854507
-1.18 0.3105983128
-1.17 0.3187465299
-1.16 0.3269282195
-1.15 0.335141486
-1.14 0.3433844214
-1.13 0.3516551055
-1.12 0.3599516069
-1.11 0.3682719832
-1.1 0.3766142821
-1.09 0.3849765412
-1.08 0.3933567893
-1.07 0.4017530466
-1.06 0.4101633253
-1.05 0.4185856305
-1.04 0.4270179603
-1.03 0.4354583067
-1.02 0.4439046562
-1.01 0.4523549902
-1 0.4608072857
-0.99 0.469259516
-0.98 0.477709651
-0.97 0.4861556579
-0.96 0.4945955022
-0.95 0.5030271474
-0.94 0.5114485566
-0.93 0.5198576922
-0.92 0.5282525171
-0.91 0.536630995
-0.9 0.544991091
-0.89 0.5533307723
-0.88 0.5616480085
-0.87 0.5699407727
-0.86 0.5782070414
-0.85 0.5864447956
-0.84 0.5946520213
-0.83 0.6028267096
-0.82 0.6109668581
-0.81 0.6190704705
-0.8 0.627135558
-0.79 0.6351601394
-0.78 0.6431422418
-0.77 0.651079901
-0.76 0.6589711622
-0.75 0.6668140806
-0.74 0.6746067217
-0.73 0.6823471623
-0.72 0.6900334903
-0.71 0.697663806
-0.7 0.705236222
-0.69 0.7127488643
-0.68 0.7201998723
-0.67 0.7275873997
-0.66 0.7349096146
-0.65 0.7421647006
-0.64 0.7493508566
-0.63 0.756466298
-0.62 0.7635092566
-0.61 0.7704779813
-0.6 0.7773707388
-0.59 0.7841858137
-0.58 0.7909215092
-0.57 0.7975761477
-0.56 0.8041480707
-0.55 0.81063564
-0.54 0.8170372375
-0.53 0.823351266
-0.52 0.8295761497
-0.51 0.8357103343
-0.5 0.8417522876
-0.49 0.8477005
-0.48 0.8535534847
-0.47 0.8593097784
-0.46 0.8649679415
-0.45 0.8705265582
-0.44 0.8759842377
-0.43 0.8813396137
-0.42 0.8865913453
-0.41 0.8917381172
-0.4 0.8967786399
-0.39 0.9017116504
-0.38 0.9065359124
-0.37 0.9112502162
-0.36 0.9158533798
-0.35 0.9203442487
-0.34 0.9247216963
-0.33 0.9289846243
-0.32 0.9331319627
-0.31 0.9371626707
-0.3 0.9410757363
-0.29 0.944870177
-0.28 0.9485450398
-0.27 0.9520994018
-0.26 0.95553237
-0.25 0.958843082
-0.24 0.9620307058
-0.23 0.9650944404
-0.22 0.9680335157
-0.21 0.9708471928
-0.2 0.9735347644
-0.19 0.9760955549
-0.18 0.9785289202
-0.17 0.9808342485
-0.16 0.9830109599
-0.15 0.985058507
-0.14 0.9869763747
-0.13 0.9887640805
-0.12 0.9904211748
-0.11 0.9919472406
-0.1 0.9933418939
-0.09 0.9946047837
-0.08 0.9957355925
-0.07 0.9967340354
-0.06 0.9975998614
-0.05 0.9983328524
-0.04 0.9989328241
-0.03 0.9993996254
-0.02 0.9997331389
-0.01 0.9999332805
-6.230779781e-14 1
0.01 0.9999332805
0.02 0.9997331389
0.03 0.9993996254
0.04 0.9989328241
0.05 0.9983328524
0.06 0.9975998614
0.07 0.9967340354
0.08 0.9957355925
0.09 0.9946047837
0.1 0.9933418939
0.11 0.9919472406
0.12 0.9904211748
0.13 0.9887640805
0.14 0.9869763747
0.15 0.985058507
0.16 0.9830109599
0.17 0.9808342485
0.18 0.9785289202
0.19 0.9760955549
0.2 0.9735347644
0.21 0.9708471928
0.22 0.9680335157
0.23 0.9650944404
0.24 0.9620307058
0.25 0.958843082
0.26 0.95553237
0.27 0.9520994018
0.28 0.9485450398
0.29 0.944870177
0.3 0.9410757363
0.31 0.9371626707
0.32 0.9331319627
0.33 0.9289846243
0.34 0.9247216963
0.35 0.9203442487
0.36 0.9158533798
0.37 0.9112502162
0.38 0.9065359124
0.39 0.9017116504
0.4 0.8967786399
0.41 0.8917381172
0.42 0.8865913453
0.43 0.8813396137
0.44 0.8759842377
0.45 0.8705265582
0.46 0.8649679415
0.47 0.8593097784
0.48 0.8535534847
0.49 0.8477005
0.5 0.8417522876
0.51 0.8357103343
0.52 0.8295761497
0.53 0.823351266
0.54 0.8170372375
0.55 0.81063564
0.56 0.8041480707
0.57 0.7975761477
0.58 0.7909215092
0.59 0.7841858137
0.6 0.7773707388
0.61 0.7704779813
0.62 0.7635092566
0.63 0.756466298
0.64 0.7493508566
0.65 0.7421647006
0.66 0.7349096146
0.67 0.7275873997
0.68 0.7201998723
0.69 0.7127488643
0.7 0.705236222
0.71 0.697663806
0.72 0.6900334903
0.73 0.6823471623
0.74 0.6746067217
0.75 0.6668140806
0.76 0.6589711622
0.77 0.651079901
0.78 0.6431422418
0.79 0.6351601394
0.8 0.627135558
0.81 0.6190704705
0.82 0.6109668581
0.83 0.6028267096
0.84 0.5946520213
0.85 0.5864447956
0.86 0.5782070414
0.87 0.5699407727
0.88 0.5616480085
0.89 0.5533307723
0.9 0.544991091
0.91 0.536630995
0.92 0.5282525171
0.93 0.5198576922
0.94 0.5114485566
0.95 0.5030271474
0.96 0.4945955022
0.97 0.4861556579
0.98 0.477709651
0.99 0.469259516
1 0.4608072857
1.01 0.4523549902
1.02 0.4439046562
1.03 0.4354583067
1.04 0.4270179603
1.05 0.4185856305
1.06 0.4101633253
1.07 0.4017530466
1.08 0.3933567893
1.09 0.3849765412
1.1 0.3766142821
1.11 0.3682719832
1.12 0.3599516069
1.13 0.3516551055
1.14 0.3433844214
1.15 0.335141486
1.16 0.3269282195
1.17 0.3187465299
1.18 0.3105983128
1.19 0.3024854507
1.2 0.2944098123
1.21 0.2863732522
1.22 0.2783776103
1.23 0.2704247108
1.24 0.2625163624
1.25 0.2546543571
1.26 0.2468404699
1.27 0.2390764584
1.28 0.231364062
1.29 0.2237050016
1.3 0.2161009788
1.31 0.2085536757
1.32 0.2010647539
1.33 0.1936358548
1.34 0.186268598
1.35 0.1789645818
1.36 0.1717253821
1.37 0.164552552
1.38 0.1574476215
1.39 0.1504120968
1.4 0.1434474601
1.41 0.1365551686
1.42 0.1297366546
1.43 0.1229933248
1.44 0.1163265598
1.45 0.1097377138
1.46 0.1032281139
1.47 0.0967990598
1.48 0.09045182365
1.49 0.08418764917
1.5 0.07800775149
1.51 0.07191331671
1.52 0.06590550148
1.53 0.0599854326
1.54 0.05415420669
1.55 0.04841288975
1.56 0.04276251685
1.57 0.03720409172
1.58 0.03173858645
1.59 0.02636694112
1.6 0.02109006346
1.61 0.01590882857
1.62 0.01082407856
1.63 0.005836622274
1.64 0.0009472349883
1.65 -0.00384334188
1.66 -0.008534401041
1.67 -0.0131252696
1.68 -0.01761530931
1.69 -0.02200391683
1.7 -0.02629052393
1.71 -0.03047459776
1.72 -0.03455564102
1.73 -0.0385331922
1.74 -0.04240682574
1.75 -0.04617615225
1.76 -0.04984081865
1.77 -0.05340050832
1.78 -0.05685494131
1.79 -0.06020387439
1.8 -0.06344710126
1.81 -0.06658445261
1.82 -0.06961579624
1.83 -0.07254103714
1.84 -0.07536011759
1.85 -0.07807301722
1.86 -0.08067975305
1.87 -0.08318037955
1.88 -0.08557498866
1.89 -0.0878637098
1.9 -0.09004670992
1.91 -0.09212419341
1.92 -0.09409640218
1.93 -0.09596361554
1.94 -0.09772615022
1.95 -0.09938436026
1.96 -0.100938637
1.97 -0.1023894089
1.98 -0.1037371415
1.99 -0.1049823374
2 -0.106125536
2.01 -0.1071673134
2.02 -0.1081082822
2.03 -0.1089490914
2.04 -0.1096904265
2.05 -0.1103330086
2.06 -0.1108775948
2.07 -0.111324978
2.08 -0.1116759862
2.09 -0.1119314826
2.1 -0.1120923653
2.11 -0.112159567
2.12 -0.1121340548
2.13 -0.1120168295
2.14 -0.1118089259
2.15 -0.1115114121
2.16 -0.1111253892
2.17 -0.1106519909
2.18 -0.1100923833
2.19 -0.1094477643
2.2 -0.1087193634
2.21 -0.1079084413
2.22 -0.1070162891
2.23 -0.1060442285
2.24 -0.1049936107
2.25 -0.1038658163
2.26 -0.1026622549
2.27 -0.1013843642
2.28 -0.10003361
2.29 -0.0986114852
2.3 -0.0971195096
2.31 -0.09555922922
2.32 -0.09393221577
2.33 -0.09224006604
2.34 -0.09048440136
2.35 -0.08866686694
2.36 -0.08678913133
2.37 -0.08485288572
2.38 -0.08285984336
2.39 -0.08081173884
2.4 -0.07871032749
2.41 -0.07655738468
2.42 -0.07435470509
2.43 -0.07210410205
2.44 -0.06980740683
2.45 -0.06746646786
2.46 -0.06508315003
2.47 -0.06265933395
2.48 -0.06019691513
2.49 -0.05769780326
2.5 -0.05516392139
2.51 -0.05259720514
2.52 -0.04999960188
2.53 -0.04737306994
2.54 -0.04471957773
2.55 -0.04204110294
2.56 -0.03933963165
2.57 -0.03661715751
2.58 -0.03387568081
2.59 -0.03111720765
2.6 -0.028343749
2.61 -0.02555731984
2.62 -0.02275993821
2.63 -0.01995362432
2.64 -0.01714039959
2.65 -0.01432228574
2.66 -0.01150130381
2.67 -0.008679473247
2.68 -0.005858810897
2.69 -0.003041330068
2.7 -0.0002290395374
2.71 0.002576057427
2.72 0.005371964063
2.73 0.008156691108
2.74 0.0109282578
2.75 0.0136846929
2.76 0.01642403568
2.77 0.01914433697
2.78 0.02184366018
2.79 0.0245200823
2.8 0.02717169496
2.81 0.02979660548
2.82 0.03239293785
2.83 0.03495883385
2.84 0.03749245402
2.85 0.03999197877
2.86 0.0424556094
2.87 0.04488156913
2.88 0.0472681042
2.89 0.04961348487
2.9 0.05191600653
2.91 0.05417399067
2.92 0.05638578602
2.93 0.05854976953
2.94 0.06066434745
2.95 0.06272795638
2.96 0.06473906427
2.97 0.06669617152
2.98 0.06859781197
2.99 0.07044255393
3 0.07222900124
3.01 0.07395579426
3.02 0.07562161091
3.03 0.07722516762
3.04 0.07876522042
3.05 0.08024056587
3.06 0.08165004204
3.07 0.08299252955
3.08 0.08426695247
3.09 0.0854722793
3.1 0.08660752392
3.11 0.08767174654
3.12 0.0886640546
3.13 0.08958360369
3.14 0.09042959844
3.15 0.09120129341
3.16 0.09189799398
3.17 0.09251905716
3.18 0.09306389248
3.19 0.09353196275
3.2 0.09392278493
3.21 0.09423593088
3.22 0.09447102811
3.23 0.09462776058
3.24 0.09470586938
3.25 0.09470515346
3.26 0.09462547031
3.27 0.0944667366
3.28 0.09422892888
3.29 0.0939120841
3.3 0.0935163003
3.31 0.09304173708
3.32 0.0924886162
3.33 0.09185722206
3.34 0.0911479022
3.35 0.09036106769
3.36 0.08949719364
3.37 0.08855681951
3.38 0.08754054951
3.39 0.08644905289
3.4 0.08528306427
3.41 0.08404338384
3.42 0.08273087761
3.43 0.08134647759
3.44 0.07989118191
3.45 0.07836605494
3.46 0.07677222735
3.47 0.07511089611
3.48 0.07338332449
3.49 0.07159084199
3.5 0.06973484423
3.51 0.06781679276
3.52 0.06583821493
3.53 0.06380070356
3.54 0.0617059167
3.55 0.05955557725
3.56 0.05735147257
3.57 0.055095454
3.58 0.0527894364
3.59 0.05043539756
3.6 0.04803537758
3.61 0.04559147818
3.62 0.04310586202
3.63 0.04058075185
3.64 0.03801842967
3.65 0.03542123582
3.66 0.03279156799
3.67 0.0301318802
3.68 0.02744468165
3.69 0.02473253554
3.7 0.02199805784
3.71 0.01924391599
3.72 0.01647282744
3.73 0.01368755824
3.74 0.01089092149
3.75 0.008085775694
3.76 0.005275023108
3.77 0.002461607929
3.78 -0.0003514855405
3.79 -0.003161234838
3.8 -0.005964581356
3.81 -0.008758432453
3.82 -0.01153966364
3.83 -0.01430512089
3.84 -0.01705162294
3.85 -0.01977596385
3.86 -0.02247491547
3.87 -0.02514523017
3.88 -0.02778364352
3.89 -0.03038687718
3.9 -0.03295164181
3.91 -0.03547464018
3.92 -0.03795257025
3.93 -0.04038212846
3.94 -0.04276001309
3.95 -0.04508292775
3.96 -0.04734758492
3.97 -0.04955070967
3.98 -0.0516890435
3.99 -0.05375934818
4 -0.05575840989
4.01 -0.05768304331
4.02 -0.05953009594
4.03 -0.06129645248
4.04 -0.06297903942
4.05 -0.06457482961
4.06 -0.06608084714
4.07 -0.06749417219
4.08 -0.06881194615
4.09 -0.07003137673
4.1 -0.07114974338
4.11 -0.07216440268
4.12 -0.07307279398
4.13 -0.07387244516
4.14 -0.07456097852
4.15 -0.07513611683
4.16 -0.07559568951
4.17 -0.075937639
4.18 -0.07616002726
4.19 -0.07626104243
4.2 -0.07623900564
4.21 -0.07609237801
4.22 -0.07581976777
4.23 -0.07541993761
4.24 -0.0748918121
4.25 -0.07423448542
4.26 -0.07344722912
4.27 -0.07252950012
4.28 -0.07148094894
4.29 -0.07030142801
4.3 -0.06899100022
4.31 -0.06754994764
4.32 -0.06597878047
4.33 -0.06427824609
4.34 -0.06244933839
4.35 -0.06049330727
4.36 -0.05841166828
4.37 -0.05620621258
4.38 -0.05387901697
4.39 -0.05143245423
4.4 -0.04886920361
4.41 -0.04619226155
4.42 -0.04340495265
4.43 -0.04051094074
4.44 -0.03751424032
4.45 -0.03441922815
4.46 -0.031230655
4.47 -0.02795365779
4.48 -0.02459377179
4.49 -0.02115694315
4.5 -0.01764954168
4.51 -0.01407837379
4.52 -0.01045069573
4.53 -0.00677422708
4.54 -0.003057164469
4.55 0.0006918044706
4.56 0.00446348686
4.57 0.008248170091
4.58 0.01203560708
4.59 0.01581500127
4.6 0.01957499131
4.61 0.02330363559
4.62 0.02698839632
4.63 0.03061612352
4.64 0.03417303859
4.65 0.03764471768
4.66 0.0410160747
4.67 0.04427134416
4.68 0.04739406357
4.69 0.05036705565
4.7 0.05317241018
4.71 0.05579146561
4.72 0.05820479029
4.73 0.06039216345
4.74 0.06233255582
4.75 0.06400410997
4.76 0.06538412029
4.77 0.06644901272
4.78 0.06717432404
4.79 0.06753468093
4.8 0.06750377864
4.81 0.06705435933
4.82 0.0661581901
4.83 0.06478604062
4.84 0.06290766043
4.85 0.06049175592
4.86 0.05750596692
4.87 0.05391684292
4.88 0.04968981893
4.89 0.04478919101
4.9 0.03917809136
4.91 0.03281846311
4.92 0.02567103464
4.93 0.01769529359
4.94 0.008849460451
4.95 -0.0009095382552
4.96 -0.01162609715
4.97 -0.02334595962
4.98 -0.0361162458
4.99 -0.04998548103
5 -0.06500362462


-5 -0.005324080593
-4.99 -0.002832974274
-4.98 -0.000744561849
-4.97 0.0009789362482
-4.96 0.00237289235
-4.95 0.003470383521
-4.94 0.004302299575
-4.93 0.004897447255
-4.92 0.005282650674
-4.91 0.005482848129
-4.9 0.00552118538
-4.89 0.005419105502
-4.88 0.005196435394
-4.87 0.004871469053
-4.86 0.0044610477
-4.85 0.003980636841
-4.84 0.003444400365
-4.83 0.002865271751
-4.82 0.002255022488
-4.81 0.001624327761
-4.8 0.0009828295184
-4.79 0.0003391969701
-4.78 -0.0002988153886
-4.77 -0.0009243121595
-4.76 -0.001531203755
-4.75 -0.002114155369
-4.74 -0.002668538142
-4.73 -0.00319038244
-4.72 -0.003676333192
-4.71 -0.004123607214
-4.7 -0.004529952458
-4.69 -0.00489360912
-4.68 -0.005213272557
-4.67 -0.005488057939
-4.66 -0.005717466588
-4.65 -0.005901353944
-4.64 -0.006039899109
-4.63 -0.006133575903
-4.62 -0.006183125392
-4.61 -0.006189529829
-4.6 -0.006153987965
-4.59 -0.006077891676
-4.58 -0.005962803859
-4.57 -0.005810437558
-4.56 -0.005622636263
-4.55 -0.005401355353
-4.54 -0.00514864463
-4.53 -0.0048666319
-4.52 -0.004557507579
-4.51 -0.004223510264
-4.5 -0.003866913237
-4.49 -0.003490011878
-4.48 -0.003095111929
-4.47 -0.002684518596
-4.46 -0.002260526434
-4.45 -0.001825410002
-4.44 -0.001381415243
-4.43 -0.0009307515545
-4.42 -0.0004755845404
-4.41 -1.802938597e-05
-4.4 0.0004398551488
-4.39 0.0008960721588
-4.38 0.001348691467
-4.37 0.00179585397
-4.36 0.00223577548
-4.35 0.002666750089
-4.34 0.003087153076
-4.33 0.003495443383
-4.32 0.003890165681
-4.31 0.004269952052
-4.3 0.004633523294
-4.29 0.004979689885
-4.28 0.005307352622
-4.27 0.005615502945
-4.26 0.005903222972
-4.25 0.006169685261
-4.24 0.006414152318
-4.23 0.006635975863
-4.22 0.00683459587
-4.21 0.007009539403
-4.2 0.007160419253
-4.19 0.0072869324
-4.18 0.007388858308
-4.17 0.007466057058
-4.16 0.007518467354
-4.15 0.007546104395
-4.14 0.007549057625
-4.13 0.007527488385
-4.12 0.007481627468
-4.11 0.007411772587
-4.1 0.007318285774
-4.09 0.007201590707
-4.08 0.007062169989
-4.07 0.00690056237
-4.06 0.006717359941
-4.05 0.006513205286
-4.04 0.006288788622
-4.03 0.00604484491
-4.02 0.005782150967
-4.01 0.005501522572
-4 0.00520381157
-3.99 0.004889902992
-3.98 0.004560712188
-3.97 0.004217181978
-3.96 0.003860279825
-3.95 0.003490995048
-3.94 0.003110336057
-3.93 0.002719327636
-3.92 0.002319008258
-3.91 0.001910427456
-3.9 0.001494643236
-3.89 0.001072719547
-3.88 0.0006457237989
-3.87 0.0002147244495
-3.86 -0.0002192113587
-3.85 -0.0006550200927
-3.84 -0.00109164406
-3.83 -0.001528033574
-3.82 -0.001963149047
-3.81 -0.002395963019
-3.8 -0.00282546211
-3.79 -0.003250648901
-3.78 -0.003670543742
-3.77 -0.004084186487
-3.76 -0.004490638147
-3.75 -0.004888982474
-3.74 -0.005278327467
-3.73 -0.005657806797
-3.72 -0.006026581159
-3.71 -0.006383839547
-3.7 -0.00672880045
-3.69 -0.007060712967
-3.68 -0.007378857856
-3.67 -0.007682548498
-3.66 -0.007971131783
-3.65 -0.008243988929
-3.64 -0.00850053622
-3.63 -0.008740225673
-3.62 -0.008962545626
-3.61 -0.009167021261
-3.6 -0.009353215051
-3.59 -0.009520727134
-3.58 -0.009669195627
-3.57 -0.009798296857
-3.56 -0.009907745541
-3.55 -0.009997294884
-3.54 -0.01006673663
-3.53 -0.01011590102
-3.52 -0.01014465673
-3.51 -0.01015291073
-3.5 -0.01014060804
-3.49 -0.01010773151
-3.48 -0.01005430149
-3.47 -0.009980375447
-3.46 -0.009886047542
-3.45 -0.009771448168
-3.44 -0.009636743405
-3.43 -0.009482134458
-3.42 -0.009307857025
-3.41 -0.009114180638
-3.4 -0.008901407951
-3.39 -0.008669873991
-3.38 -0.008419945362
-3.37 -0.008152019424
-3.36 -0.007866523423
-3.35 -0.007563913593
-3.34 -0.007244674225
-3.33 -0.006909316701
-3.32 -0.006558378504
-3.31 -0.006192422196
-3.3 -0.00581203437
-3.29 -0.005417824582
-3.28 -0.005010424257
-3.27 -0.004590485573
-3.26 -0.004158680327
-3.25 -0.003715698787
-3.24 -0.003262248521
-3.23 -0.002799053215
-3.22 -0.002326851483
-3.21 -0.001846395655
-3.2 -0.001358450566
-3.19 -0.000863792331
-3.18 -0.0003632071138
-3.17 0.000142510107
-3.16 0.0006525567773
-3.15 0.001166124009
-3.14 0.001682397821
-3.13 0.002200560381
-3.12 0.002719791245
-3.11 0.003239268592
-3.1 0.003758170456
-3.09 0.004275675948
-3.08 0.004790966481
-3.07 0.00530322697
-3.06 0.005811647038
-3.05 0.006315422202
-3.04 0.006813755052
-3.03 0.007305856408
-3.02 0.007790946479
-3.01 0.008268255986
-3 0.00873702729
-2.99 0.009196515482
-2.98 0.009645989474
-2.97 0.01008473305
-2.96 0.01051204593
-2.95 0.01092724476
-2.94 0.01132966415
-2.93 0.01171865759
-2.92 0.0120935985
-2.91 0.01245388105
-2.9 0.01279892116
-2.89 0.0131281573
-2.88 0.01344105139
-2.87 0.01373708965
-2.86 0.0140157833
-2.85 0.01427666945
-2.84 0.01451931177
-2.83 0.0147433012
-2.82 0.01494825669
-2.81 0.01513382579
-2.8 0.01529968532
-2.79 0.01544554194
-2.78 0.01557113273
-2.77 0.01567622569
-2.76 0.01576062029
-2.75 0.0158241479
-2.74 0.01586667221
-2.73 0.01588808972
-2.72 0.01588832999
-2.71 0.0158673561
-2.7 0.01582516486
-2.69 0.01576178716
-2.68 0.01567728815
-2.67 0.01557176751
-2.66 0.01544535959
-2.65 0.01529823354
-2.64 0.01513059348
-2.63 0.01494267853
-2.62 0.01473476286
-2.61 0.01450715575
-2.6 0.01426020153
-2.59 0.01399427955
-2.58 0.01370980408
-2.57 0.01340722424
-2.56 0.01308702383
-2.55 0.01274972116
-2.54 0.01239586885
-2.53 0.01202605359
-2.52 0.01164089589
-2.51 0.01124104979
-2.5 0.01082720252
-2.49 0.01040007416
-2.48 0.009960417251
-2.47 0.009509016418
-2.46 0.009046687901
-2.45 0.008574279113
-2.44 0.008092668146
-2.43 0.00760276326
-2.42 0.007105502341
-2.41 0.006601852338
-2.4 0.006092808677
-2.39 0.005579394642
-2.38 0.005062660744
-2.37 0.004543684058
-2.36 0.004023567545
-2.35 0.003503439347
-2.34 0.002984452065
-2.33 0.00246778201
-2.32 0.001954628443
-2.31 0.001446212791
-2.3 0.0009437778414
-2.29 0.000448586927
-2.28 -3.807691554e-05
-2.27 -0.0005149117973
-2.26 -0.0009805978476
-2.25 -0.001433798099
-2.24 -0.001873159387
-2.23 -0.002297313263
-2.22 -0.002704876921
-2.21 -0.00309445414
-2.2 -0.003464636228
-2.19 -0.003814002991
-2.18 -0.004141123703
-2.17 -0.004444558088
-2.16 -0.004722857308
-2.15 -0.004974564971
-2.14 -0.00519821813
-2.13 -0.005392348298
-2.12 -0.005555482474
-2.11 -0.00568614416
-2.1 -0.005782854399
-2.09 -0.005844132804
-2.08 -0.005868498597
-2.07 -0.005854471651
-2.06 -0.005800573529
-2.05 -0.005705328532
-2.04 -0.005567264737
-2.03 -0.005384915045
-2.02 -0.005156818223
-2.01 -0.004881519944
-2 -0.004557573828
-1.99 -0.004183542477
-1.98 -0.003757998507
-1.97 -0.00327952558
-1.96 -0.002746719424
-1.95 -0.002158188851
-1.94 -0.001512556773
-1.93 -0.0008084612029
-1.92 -4.455625407e-05
-1.91 0.0007804868694
-1.9 0.001667978892
-1.89 0.002619211497
-1.88 0.003635456359
-1.87 0.004717964198
-1.86 0.005867963837
-1.85 0.007086661272
-1.84 0.008375238754
-1.83 0.009734853888
-1.82 0.01116663874
-1.81 0.01267169896
-1.8 0.01425111292
-1.79 0.01590593086
-1.78 0.01763717406
-1.77 0.01944583403
-1.76 0.02133287169
-1.75 0.0232992166
-1.74 0.0253457662
-1.73 0.02747338504
-1.72 0.02968290404
-1.71 0.03197511984
-1.7 0.034350794
-1.69 0.03681065243
-1.68 0.03935538468
-1.67 0.04198564329
-1.66 0.04470204321
-1.65 0.0475051612
-1.64 0.05039553524
-1.63 0.05337366397
-1.62 0.0564400062
-1.61 0.05959498034
-1.6 0.06283896397
-1.59 0.06617229334
-1.58 0.06959526294
-1.57 0.07310812508
-1.56 0.07671108948
-1.55 0.08040432293
-1.54 0.08418794889
-1.53 0.08806204721
-1.52 0.0920266538
-1.51 0.09608176037
-1.5 0.1002273141
-1.49 0.1044632177
-1.48 0.1087893286
-1.47 0.1132054595
-1.46 0.1177113776
-1.45 0.122306805
-1.44 0.126991418
-1.43 0.1317648476
-1.42 0.136626679
-1.41 0.1415764519
-1.4 0.1466136603
-1.39 0.1517377523
-1.38 0.1569481307
-1.37 0.1622441527
-1.36 0.1676251299
-1.35 0.1730903286
-1.34 0.17863897
-1.33 0.1842702301
-1.32 0.1899832403
-1.31 0.1957770869
-1.3 0.2016508123
-1.29 0.2076034145
-1.28 0.2136338475
-1.27 0.2197410219
-1.26 0.2259238051
-1.25 0.2321810215
-1.24 0.2385114531
-1.23 0.2449138396
-1.22 0.2513868792
-1.21 0.2579292288
-1.2 0.2645395045
-1.19 0.2712162821
-1.18 0.2779580976
-1.17 0.2847634478
-1.16 0.2916307906
-1.15 0.2985585461
-1.14 0.3055450966
-1.13 0.3125887874
-1.12 0.3196879277
-1.11 0.3268407911
-1.1 0.3340456159
-1.09 0.3413006064
-1.08 0.3486039332
-1.07 0.3559537341
-1.06 0.3633481146
-1.05 0.370785149
-1.04 0.3782628811
-1.03 0.3857793247
-1.02 0.3933324648
-1.01 0.4009202581
-1 0.4085406341
-0.99 0.4161914958
-0.98 0.4238707206
-0.97 0.4315761612
-0.96 0.4393056464
-0.95 0.4470569823
-0.94 0.4548279529
-0.93 0.4626163211
-0.92 0.4704198298
-0.91 0.4782362028
-0.9 0.4860631455
-0.89 0.4938983464
-0.88 0.5017394775
-0.87 0.5095841959
-0.86 0.5174301442
-0.85 0.525274952
-0.84 0.5331162366
-0.83 0.5409516043
-0.82 0.5487786511
-0.81 0.5565949641
-0.8 0.5643981223
-0.79 0.5721856977
-0.78 0.5799552566
-0.77 0.5877043601
-0.76 0.5954305658
-0.75 0.6031314284
-0.74 0.6108045011
-0.73 0.6184473364
-0.72 0.6260574874
-0.71 0.6336325087
-0.7 0.6411699575
-0.69 0.6486673947
-0.68 0.6561223863
-0.67 0.6635325038
-0.66 0.6708953258
-0.65 0.6782084388
-0.64 0.6854694386
-0.63 0.6926759309
-0.62 0.6998255327
-0.61 0.7069158733
-0.6 0.7139445952
-0.59 0.7209093554
-0.58 0.7278078261
-0.57 0.734637696
-0.56 0.7413966714
-0.55 0.7480824768
-0.54 0.7546928565
-0.53 0.761225575
-0.52 0.7676784184
-0.51 0.7740491953
-0.5 0.7803357378
-0.49 0.7865359023
-0.48 0.7926475706
-0.47 0.7986686509
-0.46 0.8045970785
-0.45 0.810430817
-0.44 0.8161678591
-0.43 0.8218062274
-0.42 0.8273439754
-0.41 0.8327791883
-0.4 0.8381099841
-0.39 0.8433345139
-0.38 0.8484509634
-0.37 0.8534575531
-0.36 0.8583525395
-0.35 0.8631342158
-0.34 0.8678009126
-0.33 0.8723509987
-0.32 0.8767828816
-0.31 0.8810950087
-0.3 0.8852858676
-0.29 0.8893539868
-0.28 0.8932979365
-0.27 0.8971163294
-0.26 0.9008078208
-0.25 0.9043711097
-0.24 0.9078049393
-0.23 0.9111080971
-0.22 0.9142794163
-0.21 0.9173177755
-0.2 0.9202220997
-0.19 0.9229913605
-0.18 0.9256245768
-0.17 0.9281208151
-0.16 0.93047919
-0.15 0.9326988644
-0.14 0.9347790501
-0.13 0.9367190082
-0.12 0.9385180491
-0.11 0.9401755333
-0.1 0.941690871
-0.09 0.9430635232
-0.08 0.9442930013
-0.07 0.9453788675
-0.06 0.9463207351
-0.05 0.9471182687
-0.04 0.9477711841
-0.03 0.9482792486
-0.02 0.9486422812
-0.01 0.9488601526
-6.230779781e-14 0.948932785
0.01 0.9488601526
0.02 0.9486422812
0.03 0.9482792486
0.04 0.9477711841
0.05 0.9471182687
0.06 0.9463207351
0.07 0.9453788675
0.08 0.9442930013
0.09 0.9430635232
0.1 0.941690871
0.11 0.9401755333
0.12 0.9385180491
0.13 0.9367190082
0.14 0.9347790501
0.15 0.9326988644
0.16 0.93047919
0.17 0.9281208151
0.18 0.9256245768
0.19 0.9229913605
0.2 0.9202220997
0.21 0.9173177755
0.22 0.9142794163
0.23 0.9111080971
0.24 0.9078049393
0.25 0.9043711097
0.26 0.9008078208
0.27 0.8971163294
0.28 0.8932979365
0.29 0.8893539868
0.3 0.8852858676
0.31 0.8810950087
0.32 0.8767828816
0.33 0.8723509987
0.34 0.8678009126
0.35 0.8631342158
0.36 0.8583525395
0.37 0.8534575531
0.38 0.8484509634
0.39 0.8433345139
0.4 0.8381099841
0.41 0.8327791883
0.42 0.8273439754
0.43 0.8218062274
0.44 0.8161678591
0.45 0.810430817
0.46 0.8045970785
0.47 0.7986686509
0.48 0.7926475706
0.49 0.7865359023
0.5 0.7803357378
0.51 0.7740491953
0.52 0.7676784184
0.53 0.761225575
0.54 0.7546928565
0.55 0.7480824768
0.56 0.7413966714
0.57 0.734637696
0.58 0.7278078261
0.59 0.7209093554
0.6 0.7139445952
0.61 0.7069158733
0.62 0.6998255327
0.63 0.6926759309
0.64 0.6854694386
0.65 0.6782084388
0.66 0.6708953258
0.67 0.6635325038
0.68 0.6561223863
0.69 0.6486673947
0.7 0.6411699575
0.71 0.6336325087
0.72 0.6260574874
0.73 0.6184473364
0.74 0.6108045011
0.75 0.6031314284
0.76 0.5954305658
0.77 0.5877043601
0.78 0.5799552566
0.79 0.5721856977
0.8 0.5643981223
0.81 0.5565949641
0.82 0.5487786511
0.83 0.5409516043
0.84 0.5331162366
0.85 0.525274952
0.86 0.5174301442
0.87 0.5095841959
0.88 0.5017394775
0.89 0.4938983464
0.9 0.4860631455
0.91 0.4782362028
0.92 0.4704198298
0.93 0.4626163211
0.94 0.4548279529
0.95 0.4470569823
0.96 0.4393056464
0.97 0.4315761612
0.98 0.4238707206
0.99 0.4161914958
1 0.4085406341
1.01 0.4009202581
1.02 0.3933324648
1.03 0.3857793247
1.04 0.3782628811
1.05 0.370785149
1.06 0.3633481146
1.07 0.3559537341
1.08 0.3486039332
1.09 0.3413006064
1.1 0.3340456159
1.11 0.3268407911
1.12 0.3196879277
1.13 0.3125887874
1.14 0.3055450966
1.15 0.2985585461
1.16 0.2916307906
1.17 0.2847634478
1.18 0.2779580976
1.19 0.2712162821
1.2 0.2645395045
1.21 0.2579292288
1.22 0.2513868792
1.23 0.2449138396
1.24 0.2385114531
1.25 0.2321810215
1.26 0.2259238051
1.27 0.2197410219
1.28 0.2136338475
1.29 0.2076034145
1.3 0.2016508123
1.31 0.1957770869
1.32 0.1899832403
1.33 0.1842702301
1.34 0.17863897
1.35 0.1730903286
1.36 0.1676251299
1.37 0.1622441527
1.38 0.1569481307
1.39 0.1517377523
1.4 0.1466136603
1.41 0.1415764519
1.42 0.136626679
1.43 0.1317648476
1.44 0.126991418
1.45 0.122306805
1.46 0.1177113776
1.47 0.1132054595
1.48 0.1087893286
1.49 0.1044632177
1.5 0.1002273141
1.51 0.09608176037
1.52 0.0920266538
1.53 0.08806204721
1.54 0.08418794889
1.55 0.08040432293
1.56 0.07671108948
1.57 0.07310812508
1.58 0.06959526294
1.59 0.06617229334
1.6 0.06283896397
1.61 0.05959498034
1.62 0.0564400062
1.63 0.05337366397
1.64 0.05039553524
1.65 0.0475051612
1.66 0.04470204321
1.67 0.04198564329
1.68 0.03935538468
1.69 0.03681065243
1.7 0.034350794
1.71 0.03197511984
1.72 0.02968290404
1.73 0.02747338504
1.74 0.0253457662
1.75 0.0232992166
1.76 0.02133287169
1.77 0.01944583403
1.78 0.01763717406
1.79 0.01590593086
1.8 0.01425111292
1.81 0.01267169896
1.82 0.01116663874
1.83 0.009734853888
1.84 0.008375238754
1.85 0.007086661272
1.86 0.005867963837
1.87 0.004717964198
1.88 0.003635456359
1.89 0.002619211497
1.9 0.001667978892
1.91 0.0007804868694
1.92 -4.455625406e-05
1.93 -0.0008084612029
1.94 -0.001512556773
1.95 -0.002158188851
1.96 -0.002746719424
1.97 -0.00327952558
1.98 -0.003757998507
1.99 -0.004183542477
2 -0.004557573828
2.01 -0.004881519944
2.02 -0.005156818223
2.03 -0.005384915045
2.04 -0.005567264737
2.05 -0.005705328532
2.06 -0.005800573529
2.07 -0.005854471651
2.08 -0.005868498597
2.09 -0.005844132804
2.1 -0.005782854399
2.11 -0.00568614416
2.12 -0.005555482474
2.13 -0.005392348298
2.14 -0.00519821813
2.15 -0.004974564971
2.16 -0.004722857308
2.17 -0.004444558088
2.18 -0.004141123703
2.19 -0.003814002991
2.2 -0.003464636228
2.21 -0.00309445414
2.22 -0.002704876921
2.23 -0.002297313263
2.24 -0.001873159387
2.25 -0.001433798099
2.26 -0.0009805978476
2.27 -0.0005149117973
2.28 -3.807691554e-05
2.29 0.000448586927
2.3 0.0009437778414
2.31 0.001446212791
2.32 0.001954628443
2.33 0.00246778201
2.34 0.002984452065
2.35 0.003503439347
2.36 0.004023567545
2.37 0.004543684058
2.38 0.005062660744
2.39 0.005579394642
2.4 0.006092808677
2.41 0.006601852338
2.42 0.007105502341
2.43 0.00760276326
2.44 0.008092668146
2.45 0.008574279113
2.46 0.009046687901
2.47 0.009509016418
2.48 0.009960417251
2.49 0.01040007416
2.5 0.01082720252
2.51 0.01124104979
2.52 0.01164089589
2.53 0.01202605359
2.54 0.01239586885
2.55 0.01274972116
2.56 0.01308702383
2.57 0.01340722424
2.58 0.01370980408
2.59 0.01399427955
2.6 0.01426020153
2.61 0.01450715575
2.62 0.01473476286
2.63 0.01494267853
2.64 0.01513059348
2.65 0.01529823354
2.66 0.01544535959
2.67 0.01557176751
2.68 0.01567728815
2.69 0.01576178716
2.7 0.01582516486
2.71 0.0158673561
2.72 0.01588832999
2.73 0.01588808972
2.74 0.01586667221
2.75 0.0158241479
2.76 0.01576062029
2.77 0.01567622569
2.78 0.01557113273
2.79 0.01544554194
2.8 0.01529968532
2.81 0.01513382579
2.82 0.01494825669
2.83 0.0147433012
2.84 0.01451931177
2.85 0.01427666945
2.86 0.0140157833
2.87 0.01373708965
2.88 0.01344105139
2.89 0.0131281573
2.9 0.01279892116
2.91 0.01245388105
2.92 0.0120935985
2.93 0.01171865759
2.94 0.01132966415
2.95 0.01092724476
2.96 0.01051204593
2.97 0.01008473305
2.98 0.009645989474
2.99 0.009196515482
3 0.00873702729
3.01 0.008268255986
3.02 0.007790946479
3.03 0.007305856408
3.04 0.006813755052
3.05 0.006315422202
3.06 0.005811647038
3.07 0.00530322697
3.08 0.004790966481
3.09 0.004275675948
3.1 0.003758170456
3.11 0.003239268592
3.12 0.002719791245
3.13 0.002200560381
3.14 0.001682397821
3.15 0.001166124009
3.16 0.0006525567773
3.17 0.000142510107
3.18 -0.0003632071138
3.19 -0.000863792331
3.2 -0.001358450566
3.21 -0.001846395655
3.22 -0.002326851483
3.23 -0.002799053215
3.24 -0.003262248521
3.25 -0.003715698787
3.26 -0.004158680327
3.27 -0.004590485573
3.28 -0.005010424257
3.29 -0.005417824582
3.3 -0.00581203437
3.31 -0.006192422196
3.32 -0.006558378504
3.33 -0.006909316701
3.34 -0.007244674225
3.35 -0.007563913593
3.36 -0.007866523423
3.37 -0.008152019424
3.38 -0.008419945362
3.39 -0.008669873991
3.4 -0.008901407951
3.41 -0.009114180638
3.42 -0.009307857025
3.43 -0.009482134458
3.44 -0.009636743405
3.45 -0.009771448168
3.46 -0.009886047542
3.47 -0.009980375447
3.48 -0.01005430149
3.49 -0.01010773151
3.5 -0.01014060804
3.51 -0.01015291073
3.52 -0.01014465673
3.53 -0.01011590102
3.54 -0.01006673663
3.55 -0.009997294884
3.56 -0.009907745541
3.57 -0.009798296857
3.58 -0.009669195627
3.59 -0.009520727134
3.6 -0.009353215051
3.61 -0.009167021261
3.62 -0.008962545626
3.63 -0.008740225673
3.64 -0.00850053622
3.65 -0.008243988929
3.66 -0.007971131783
3.67 -0.007682548498
3.68 -0.007378857856
3.69 -0.007060712967
3.7 -0.00672880045
3.71 -0.006383839547
3.72 -0.006026581159
3.73 -0.005657806797
3.74 -0.005278327467
3.75 -0.004888982474
3.76 -0.004490638147
3.77 -0.004084186487
3.78 -0.003670543742
3.79 -0.003250648901
3.8 -0.00282546211
3.81 -0.002395963019
3.82 -0.001963149047
3.83 -0.001528033574
3.84 -0.00109164406
3.85 -0.0006550200927
3.86 -0.0002192113587
3.87 0.0002147244495
3.88 0.0006457237989
3.89 0.001072719547
3.9 0.001494643236
3.91 0.001910427456
3.92 0.002319008258
3.93 0.002719327636
3.94 0.003110336057
3.95 0.003490995048
3.96 0.003860279825
3.97 0.004217181978
3.98 0.004560712188
3.99 0.004889902992
4 0.00520381157
4.01 0.005501522572
4.02 0.005782150967
4.03 0.00604484491
4.04 0.006288788622
4.05 0.006513205286
4.06 0.006717359941
4.07 0.00690056237
4.08 0.007062169989
4.09 0.007201590707
4.1 0.007318285774
4.11 0.007411772587
4.12 0.007481627468
4.13 0.007527488385
4.14 0.007549057625
4.15 0.007546104395
4.16 0.007518467354
4.17 0.007466057058
4.18 0.007388858308
4.19 0.007286932401
4.2 0.007160419253
4.21 0.007009539403
4.22 0.00683459587
4.23 0.006635975863
4.24 0.006414152318
4.25 0.006169685261
4.26 0.005903222972
4.27 0.005615502945
4.28 0.005307352622
4.29 0.004979689885
4.3 0.004633523294
4.31 0.004269952052
4.32 0.003890165681
4.33 0.003495443383
4.34 0.003087153076
4.35 0.002666750089
4.36 0.00223577548
4.37 0.00179585397
4.38 0.001348691467
4.39 0.0008960721588
4.4 0.0004398551488
4.41 -1.802938596e-05
4.42 -0.0004755845403
4.43 -0.0009307515545
4.44 -0.001381415243
4.45 -0.001825410002
4.46 -0.002260526434
4.47 -0.002684518596
4.48 -0.003095111929
4.49 -0.003490011878
4.5 -0.003866913237
4.51 -0.004223510264
4.52 -0.004557507579
4.53 -0.0048666319
4.54 -0.00514864463
4.55 -0.005401355353
4.56 -0.005622636263
4.57 -0.005810437558
4.58 -0.005962803859
4.59 -0.006077891676
4.6 -0.006153987965
4.61 -0.006189529829
4.62 -0.006183125392
4.63 -0.006133575903
4.64 -0.006039899109
4.65 -0.005901353944
4.66 -0.005717466588
4.67 -0.005488057939
4.68 -0.005213272557
4.69 -0.00489360912
4.7 -0.004529952458
4.71 -0.004123607214
4.72 -0.003676333192
4.73 -0.00319038244
4.74 -0.002668538142
4.75 -0.002114155369
4.76 -0.001531203755
4.77 -0.0009243121595
4.78 -0.0002988153886
4.79 0.0003391969701
4.8 0.0009828295184
4.81 0.001624327761
4.82 0.002255022488
4.83 0.002865271751
4.84 0.003444400365
4.85 0.003980636841
4.86 0.0044610477
4.87 0.004871469053
4.88 0.005196435394
4.89 0.005419105502
4.9 0.00552118538
4.91 0.005482848129
4.92 0.005282650674
4.93 0.004897447255
4.94 0.004302299575
4.95 0.003470383521
4.96 0.00237289235
4.97 0.0009789362482
4.98 -0.000744561849
4.99 -0.002832974274
5 -0.005324080593


-5 0.002788270816
-4.99 0.0006703030575
-4.98 -0.0008480813823
-4.97 -0.001869213741
-4.96 -0.002483098944
-4.95 -0.002768547049
-4.94 -0.002794222004
-4.93 -0.00261961267
-4.92 -0.002295930798
-4.91 -0.001866940414
-4.9 -0.001369722868
-4.89 -0.000835381538
-4.88 -0.0002896900285
-4.87 0.0002463125436
-4.86 0.0007557757377
-4.85 0.001225538213
-4.84 0.001645671318
-4.83 0.002009062933
-4.82 0.002311038829
-4.81 0.002549018939
-4.8 0.002722206087
-4.79 0.00283130487
-4.78 0.002878268502
-4.77 0.00286607156
-4.76 0.002798506703
-4.75 0.002680003525
-4.74 0.002515467838
-4.73 0.002310139763
-4.72 0.002069469117
-4.71 0.001799006671
-4.7 0.001504309949
-4.69 0.001190862313
-4.68 0.0008640041741
-4.67 0.0005288752252
-4.66 0.0001903666836
-4.65 -0.0001469174138
-4.64 -0.0004786907494
-4.63 -0.0008010079243
-4.62 -0.001110281085
-4.61 -0.001403290695
-4.6 -0.001677191102
-4.59 -0.001929511532
-4.58 -0.00215815305
-4.57 -0.002361382037
-4.56 -0.002537820636
-4.55 -0.002686434639
-4.54 -0.002806519187
-4.53 -0.002897682686
-4.52 -0.002959829255
-4.51 -0.002993140022
-4.5 -0.00299805355
-4.49 -0.002975245645
-4.48 -0.002925608766
-4.47 -0.002850231259
-4.46 -0.00275037658
-4.45 -0.002627462681
-4.44 -0.0024830417
-4.43 -0.002318780084
-4.42 -0.002136439245
-4.41 -0.001937856858
-4.4 -0.001724928878
-4.39 -0.00149959233
-4.38 -0.001263808954
-4.37 -0.001019549728
-4.36 -0.0007687803113
-4.35 -0.0005134474446
-4.34 -0.0002554663051
-4.33 3.291156814e-06
-4.32 0.0002610069039
-4.31 0.0005159265227
-4.3 0.0007663679672
-4.29 0.001010729349
-4.28 0.001247495794
-4.27 0.001475245381
-4.26 0.0016926542
-4.25 0.001898500548
-4.24 0.002091668295
-4.23 0.002271149458
-4.22 0.002436046016
-4.21 0.002585571005
-4.2 0.00271904892
-4.19 0.002835915482
-4.18 0.002935716789
-4.17 0.003018107907
-4.16 0.003082850931
-4.15 0.003129812563
-4.14 0.003158961234
-4.13 0.003170363832
-4.12 0.003164182045
-4.11 0.003140668388
-4.1 0.003100161926
-4.09 0.003043083741
-4.08 0.002969932183
-4.07 0.002881277924
-4.06 0.002777758861
-4.05 0.0026600749
-4.04 0.002528982638
-4.03 0.002385289986
-4.02 0.00222985076
-4.01 0.002063559254
-4 0.001887344831
-3.99 0.001702166559
-3.98 0.001509007897
-3.97 0.001308871471
-3.96 0.001102773947
-3.95 0.0008917410196
-3.94 0.0006768025422
-3.93 0.0004589878004
-3.92 0.0002393209516
-3.91 1.881663949e-05
-3.9 -0.0002015242049
-3.89 -0.0004207183659
-3.88 -0.000637804142
-3.87 -0.0008518449315
-3.86 -0.001061932601
-3.85 -0.001267190632
-3.84 -0.001466777037
-3.83 -0.001659887052
-3.82 -0.001845755591
-3.81 -0.002023659471
-3.8 -0.002192919406
-3.79 -0.00235290177
-3.78 -0.002503020123
-3.77 -0.002642736517
-3.76 -0.002771562577
-3.75 -0.002889060356
-3.74 -0.002994842981
-3.73 -0.003088575081
-3.72 -0.003169973017
-3.71 -0.003238804905
-3.7 -0.00329489045
-3.69 -0.003338100595
-3.68 -0.003368356989
-3.67 -0.003385631284
-3.66 -0.003389944271
-3.65 -0.003381364856
-3.64 -0.003360008898
-3.63 -0.003326037897
-3.62 -0.003279657565
-3.61 -0.003221116264
-3.6 -0.003150703345
-3.59 -0.003068747373
-3.58 -0.002975614263
-3.57 -0.002871705334
-3.56 -0.002757455278
-3.55 -0.002633330072
-3.54 -0.002499824824
-3.53 -0.002357461571
-3.52 -0.00220678704
-3.51 -0.002048370366
-3.5 -0.001882800796
-3.49 -0.00171068537
-3.48 -0.001532646592
-3.47 -0.001349320104
-3.46 -0.001161352361
-3.45 -0.0009693983236
-3.44 -0.0007741191636
-3.43 -0.0005761800031
-3.42 -0.0003762476814
-3.41 -0.0001749885617
-3.4 2.693361822e-05
-3.39 0.0002288598453
-3.38 0.0004301378767
-3.37 0.0006301242247
-3.36 0.0008281860791
-3.35 0.00102370316
-3.34 0.001216069501
-3.33 0.001404695152
-3.32 0.00158900781
-3.31 0.001768454365
-3.3 0.001942502358
-3.29 0.00211064136
-3.28 0.002272384256
-3.27 0.002427268443
-3.26 0.002574856933
-3.25 0.002714739368
-3.24 0.002846532937
-3.23 0.002969883198
-3.22 0.003084464814
-3.21 0.003189982183
-3.2 0.003286169986
-3.19 0.003372793629
-3.18 0.003449649604
-3.17 0.00351656575
-3.16 0.003573401428
-3.15 0.003620047602
-3.14 0.00365642684
-3.13 0.003682493223
-3.12 0.003698232168
-3.11 0.003703660183
-3.1 0.003698824524
-3.09 0.003683802791
-3.08 0.003658702441
-3.07 0.003623660233
-3.06 0.003578841608
-3.05 0.003524439994
-3.04 0.003460676061
-3.03 0.003387796909
-3.02 0.003306075202
-3.01 0.003215808254
-3 0.003117317059
-2.99 0.003010945283
-2.98 0.002897058212
-2.97 0.00277604166
-2.96 0.002648300845
-2.95 0.002514259235
-2.94 0.002374357365
-2.93 0.002229051631
-2.92 0.002078813068
-2.91 0.001924126104
-2.9 0.001765487313
-2.89 0.001603404149
-2.88 0.001438393681
-2.87 0.001270981323
-2.86 0.001101699568
-2.85 0.0009310867257
-2.84 0.0007596856707
-2.83 0.0005880425994
-2.82 0.0004167058046
-2.81 0.0002462244668
-2.8 7.714746702e-05
-2.79 -8.99777764e-05
-2.78 -0.0002546064447
-2.77 -0.0004161974258
-2.76 -0.000574214389
-2.75 -0.0007281268261
-2.74 -0.0008774110542
-2.73 -0.001021551181
-2.72 -0.001160040027
-2.71 -0.001292380006
-2.7 -0.001418083961
-2.69 -0.001536675947
-2.68 -0.001647691977
-2.67 -0.001750680706
-2.66 -0.001845204073
-2.65 -0.001930837881
-2.64 -0.002007172332
-2.63 -0.002073812505
-2.62 -0.002130378774
-2.61 -0.002176507176
-2.6 -0.002211849719
-2.59 -0.002236074632
-2.58 -0.002248866562
-2.57 -0.00224992671
-2.56 -0.002238972908
-2.55 -0.002215739645
-2.54 -0.002179978029
-2.53 -0.002131455695
-2.52 -0.002069956658
-2.51 -0.001995281109
-2.5 -0.001907245156
-2.49 -0.001805680512
-2.48 -0.001690434127
-2.47 -0.001561367773
-2.46 -0.00141835757
-2.45 -0.001261293476
-2.44 -0.001090078712
-2.43 -0.0009046291548
-2.42 -0.0007048726737
-2.41 -0.0004907484325
-2.4 -0.0002622061438
-2.39 -1.920528575e-05
-2.38 0.0002382857195
-2.37 0.0005102903636
-2.36 0.0007968249439
-2.35 0.001097899487
-2.34 0.001413518703
-2.33 0.001743682964
-2.32 0.002088389314
-2.31 0.002447632495
-2.3 0.002821406001
-2.29 0.00320970314
-2.28 0.003612518126
-2.27 0.004029847168
-2.26 0.004461689585
-2.25 0.00490804892
-2.24 0.005368934063
-2.23 0.005844360376
-2.22 0.006334350824
-2.21 0.006838937096
-2.2 0.007358160729
-2.19 0.007892074222
-2.18 0.008440742142
-2.17 0.009004242219
-2.16 0.009582666423
-2.15 0.01017612203
-2.14 0.01078473267
-2.13 0.01140863935
-2.12 0.01204800145
-2.11 0.01270299768
-2.1 0.01337382708
-2.09 0.01406070989
-2.08 0.01476388842
-2.07 0.01548362797
-2.06 0.01622021757
-2.05 0.01697397078
-2.04 0.01774522645
-2.03 0.01853434937
-2.02 0.01934173094
-2.01 0.02016778978
-2 0.02101297227
-1.99 0.02187775307
-1.98 0.02276263554
-1.97 0.02366815221
-1.96 0.02459486508
-1.95 0.02554336593
-1.94 0.02651427656
-1.93 0.027508249
-1.92 0.02852596561
-1.91 0.02956813916
-1.9 0.03063551284
-1.89 0.03172886023
-1.88 0.03284898516
-1.87 0.03399672158
-1.86 0.03517293329
-1.85 0.03637851368
-1.84 0.03761438538
-1.83 0.03888149982
-1.82 0.04018083678
-1.81 0.04151340383
-1.8 0.04288023577
-1.79 0.04428239393
-1.78 0.04572096546
-1.77 0.04719706257
-1.76 0.04871182169
-1.75 0.05026640254
-1.74 0.05186198721
-1.73 0.05349977913
-1.72 0.05518100197
-1.71 0.0569068986
-1.7 0.0586787298
-1.69 0.06049777311
-1.68 0.06236532152
-1.67 0.06428268212
-1.66 0.06625117472
-1.65 0.06827213042
-1.64 0.07034689017
-1.63 0.07247680316
-1.62 0.07466322533
-1.61 0.07690751775
-1.6 0.07921104493
-1.59 0.08157517319
-1.58 0.08400126892
-1.57 0.08649069681
-1.56 0.08904481811
-1.55 0.09166498877
-1.54 0.09435255763
-1.53 0.09710886456
-1.52 0.09993523855
-1.51 0.1028329958
-1.5 0.1058034379
-1.49 0.1088478497
-1.48 0.1119674976
-1.47 0.1151636271
-1.46 0.1184374618
-1.45 0.1217902001
-1.44 0.1252230145
-1.43 0.1287370487
-1.42 0.1323334162
-1.41 0.1360131978
-1.4 0.1397774402
-1.39 0.1436271537
-1.38 0.1475633102
-1.37 0.1515868417
-1.36 0.1556986376
-1.35 0.1598995438
-1.34 0.1641903599
-1.33 0.1685718382
-1.32 0.1730446811
-1.31 0.1776095397
-1.3 0.1822670123
-1.29 0.187017642
-1.28 0.1918619158
-1.27 0.1968002621
-1.26 0.20183305
-1.25 0.2069605869
-1.24 0.2121831177
-1.23 0.2175008228
-1.22 0.2229138169
-1.21 0.2284221477
-1.2 0.2340257944
-1.19 0.2397246667
-1.18 0.2455186034
-1.17 0.2514073711
-1.16 0.2573906636
-1.15 0.2634681006
-1.14 0.2696392267
-1.13 0.2759035106
-1.12 0.2822603442
-1.11 0.2887090422
-1.1 0.2952488409
-1.09 0.3018788979
-1.08 0.3085982917
-1.07 0.3154060209
-1.06 0.3223010041
-1.05 0.3292820793
-1.04 0.3363480042
-1.03 0.3434974554
-1.02 0.3507290288
-1.01 0.3580412394
-1 0.3654325216
-0.99 0.372901229
-0.98 0.3804456349
-0.97 0.3880639328
-0.96 0.3957542363
-0.95 0.4035145802
-0.94 0.4113429204
-0.93 0.4192371354
-0.92 0.4271950261
-0.91 0.4352143173
-0.9 0.4432926584
-0.89 0.4514276242
-0.88 0.4596167162
-0.87 0.4678573635
-0.86 0.4761469244
-0.85 0.4844826872
-0.84 0.4928618717
-0.83 0.501281631
-0.82 0.5097390525
-0.81 0.5182311598
-0.8 0.5267549143
-0.79 0.5353072169
-0.78 0.5438849097
-0.77 0.5524847781
-0.76 0.5611035524
-0.75 0.5697379102
-0.74 0.5783844781
-0.73 0.5870398339
-0.72 0.5957005091
-0.71 0.6043629904
-0.7 0.613023723
-0.69 0.6216791119
-0.68 0.6303255252
-0.67 0.6389592958
-0.66 0.6475767244
-0.65 0.6561740818
-0.64 0.6647476116
-0.63 0.6732935328
-0.62 0.6818080421
-0.61 0.6902873173
-0.6 0.6987275194
-0.59 0.7071247955
-0.58 0.7154752819
-0.57 0.7237751065
-0.56 0.7320203918
-0.55 0.7402072578
-0.54 0.7483318249
-0.53 0.7563902164
-0.52 0.764378562
-0.51 0.7722930003
-0.5 0.7801296817
-0.49 0.7878847715
-0.48 0.7955544528
-0.47 0.8031349292
-0.46 0.8106224279
-0.45 0.8180132027
-0.44 0.8253035365
-0.43 0.8324897447
-0.42 0.8395681776
-0.41 0.8465352234
-0.4 0.8533873112
-0.39 0.8601209136
-0.38 0.8667325495
-0.37 0.873218787
-0.36 0.8795762458
-0.35 0.8858016002
-0.34 0.8918915817
-0.33 0.8978429812
-0.32 0.9036526522
-0.31 0.9093175129
-0.3 0.9148345486
-0.29 0.9202008145
-0.28 0.9254134378
-0.27 0.9304696199
-0.26 0.9353666391
-0.25 0.9401018523
-0.24 0.9446726975
-0.23 0.9490766957
-0.22 0.9533114529
-0.21 0.9573746622
-0.2 0.9612641054
-0.19 0.9649776554
-0.18 0.968513277
-0.17 0.9718690295
-0.16 0.9750430677
-0.15 0.9780336436
-0.14 0.9808391078
-0.13 0.9834579109
-0.12 0.9858886048
-0.11 0.9881298437
-0.1 0.9901803855
-0.09 0.9920390926
-0.08 0.9937049329
-0.07 0.9951769805
-0.06 0.9964544168
-0.05 0.997536531
-0.04 0.9984227205
-0.03 0.9991124917
-0.02 0.9996054602
-0.01 0.9999013513
-6.230779781e-14 1
0.01 0.9999013513
0.02 0.9996054602
0.03 0.9991124917
0.04 0.9984227205
0.05 0.997536531
0.06 0.9964544168
0.07 0.9951769805
0.08 0.9937049329
0.09 0.9920390926
0.1 0.9901803855
0.11 0.9881298437
0.12 0.9858886048
0.13 0.9834579109
0.14 0.9808391078
0.15 0.9780336436
0.16 0.9750430677
0.17 0.9718690295
0.18 0.968513277
0.19 0.9649776554
0.2 0.9612641054
0.21 0.9573746622
0.22 0.9533114529
0.23 0.9490766957
0.24 0.9446726975
0.25 0.9401018523
0.26 0.9353666391
0.27 0.9304696199
0.28 0.9254134378
0.29 0.9202008145
0.3 0.9148345486
0.31 0.9093175129
0.32 0.9036526522
0.33 0.8978429812
0.34 0.8918915817
0.35 0.8858016002
0.36 0.8795762458
0.37 0.873218787
0.38 0.8667325495
0.39 0.8601209136
0.4 0.8533873112
0.41 0.8465352234
0.42 0.8395681776
0.43 0.8324897447
0.44 0.8253035365
0.45 0.8180132027
0.46 0.8106224279
0.47 0.8031349292
0.48 0.7955544528
0.49 0.7878847715
0.5 0.7801296817
0.51 0.7722930003
0.52 0.764378562
0.53 0.7563902164
0.54 0.7483318249
0.55 0.7402072578
0.56 0.7320203918
0.57 0.7237751065
0.58 0.7154752819
0.59 0.7071247955
0.6 0.6987275194
0.61 0.6902873173
0.62 0.6818080421
0.63 0.6732935328
0.64 0.6647476116
0.65 0.6561740818
0.66 0.6475767244
0.67 0.6389592958
0.68 0.6303255252
0.69 0.6216791119
0.7 0.613023723
0.71 0.6043629904
0.72 0.5957005091
0.73 0.5870398339
0.74 0.5783844781
0.75 0.5697379102
0.76 0.5611035524
0.77 0.5524847781
0.78 0.5438849097
0.79 0.5353072169
0.8 0.5267549143
0.81 0.5182311598
0.82 0.5097390525
0.83 0.501281631
0.84 0.4928618717
0.85 0.4844826872
0.86 0.4761469244
0.87 0.4678573635
0.88 0.4596167162
0.89 0.4514276242
0.9 0.4432926584
0.91 0.4352143173
0.92 0.4271950261
0.93 0.4192371354
0.94 0.4113429204
0.95 0.4035145802
0.96 0.3957542363
0.97 0.3880639328
0.98 0.3804456349
0.99 0.372901229
1 0.3654325216
1.01 0.3580412394
1.02 0.3507290288
1.03 0.3434974554
1.04 0.3363480042
1.05 0.3292820793
1.06 0.3223010041
1.07 0.3154060209
1.08 0.3085982917
1.09 0.3018788979
1.1 0.2952488409
1.11 0.2887090422
1.12 0.2822603442
1.13 0.2759035106
1.14 0.2696392267
1.15 0.2634681006
1.16 0.2573906636
1.17 0.2514073711
1.18 0.2455186034
1.19 0.2397246667
1.2 0.2340257944
1.21 0.2284221477
1.22 0.2229138169
1.23 0.2175008228
1.24 0.2121831177
1.25 0.2069605869
1.26 0.20183305
1.27 0.1968002621
1.28 0.1918619158
1.29 0.187017642
1.3 0.1822670123
1.31 0.1776095397
1.32 0.1730446811
1.33 0.1685718382
1.34 0.1641903599
1.35 0.1598995438
1.36 0.1556986376
1.37 0.1515868417
1.38 0.1475633102
1.39 0.1436271537
1.4 0.1397774402
1.41 0.1360131978
1.42 0.1323334162
1.43 0.1287370487
1.44 0.1252230145
1.45 0.1217902001
1.46 0.1184374618
1.47 0.1151636271
1.48 0.1119674976
1.49 0.1088478497
1.5 0.1058034379
1.51 0.1028329958
1.52 0.09993523855
1.53 0.09710886456
1.54 0.09435255763
1.55 0.09166498877
1.56 0.08904481811
1.57 0.08649069681
1.58 0.08400126892
1.59 0.08157517319
1.6 0.07921104493
1.61 0.07690751775
1.62 0.07466322533
1.63 0.07247680316
1.64 0.07034689017
1.65 0.06827213042
1.66 0.06625117472
1.67 0.06428268212
1.68 0.06236532152
1.69 0.06049777311
1.7 0.0586787298
1.71 0.0569068986
1.72 0.05518100197
1.73 0.05349977913
1.74 0.05186198721
1.75 0.05026640254
1.76 0.04871182169
1.77 0.04719706257
1.78 0.04572096546
1.79 0.04428239393
1.8 0.04288023577
1.81 0.04151340384
1.82 0.04018083678
1.83 0.03888149982
1.84 0.03761438538
1.85 0.03637851368
1.86 0.03517293329
1.87 0.03399672158
1.88 0.03284898516
1.89 0.03172886023
1.9 0.03063551284
1.91 0.02956813916
1.92 0.02852596561
1.93 0.027508249
1.94 0.02651427656
1.95 0.02554336593
1.96 0.02459486508
1.97 0.02366815221
1.98 0.02276263554
1.99 0.02187775307
2 0.02101297227
2.01 0.02016778978
2.02 0.01934173094
2.03 0.01853434937
2.04 0.01774522645
2.05 0.01697397079
2.06 0.01622021757
2.07 0.01548362797
2.08 0.01476388842
2.09 0.01406070989
2.1 0.01337382708
2.11 0.01270299768
2.12 0.01204800145
2.13 0.01140863935
2.14 0.01078473267
2.15 0.01017612203
2.16 0.009582666423
2.17 0.009004242219
2.18 0.008440742142
2.19 0.007892074222
2.2 0.007358160729
2.21 0.006838937096
2.22 0.006334350824
2.23 0.005844360376
2.24 0.005368934063
2.25 0.00490804892
2.26 0.004461689585
2.27 0.004029847168
2.28 0.003612518126
2.29 0.00320970314
2.3 0.002821406001
2.31 0.002447632495
2.32 0.002088389314
2.33 0.001743682964
2.34 0.001413518703
2.35 0.001097899487
2.36 0.0007968249439
2.37 0.0005102903636
2.38 0.0002382857195
2.39 -1.920528575e-05
2.4 -0.0002622061437
2.41 -0.0004907484324
2.42 -0.0007048726737
2.43 -0.0009046291548
2.44 -0.001090078712
2.45 -0.001261293476
2.46 -0.00141835757
2.47 -0.001561367773
2.48 -0.001690434127
2.49 -0.001805680512
2.5 -0.001907245156
2.51 -0.001995281109
2.52 -0.002069956658
2.53 -0.002131455695
2.54 -0.002179978029
2.55 -0.002215739645
2.56 -0.002238972908
2.57 -0.00224992671
2.58 -0.002248866562
2.59 -0.002236074632
2.6 -0.002211849719
2.61 -0.002176507176
2.62 -0.002130378774
2.63 -0.002073812505
2.64 -0.002007172332
2.65 -0.001930837881
2.66 -0.001845204073
2.67 -0.001750680706
2.68 -0.001647691977
2.69 -0.001536675947
2.7 -0.001418083961
2.71 -0.001292380006
2.72 -0.001160040027
2.73 -0.001021551181
2.74 -0.0008774110542
2.75 -0.0007281268261
2.76 -0.000574214389
2.77 -0.0004161974258
2.78 -0.0002546064447
2.79 -8.99777764e-05
2.8 7.714746701e-05
2.81 0.0002462244667
2.82 0.0004167058046
2.83 0.0005880425994
2.84 0.0007596856707
2.85 0.0009310867257
2.86 0.001101699568
2.87 0.001270981323
2.88 0.001438393681
2.89 0.001603404149
2.9 0.001765487313
2.91 0.001924126104
2.92 0.002078813068
2.93 0.002229051631
2.94 0.002374357365
2.95 0.002514259235
2.96 0.002648300845
2.97 0.00277604166
2.98 0.002897058212
2.99 0.003010945283
3 0.003117317059
3.01 0.003215808254
3.02 0.003306075202
3.03 0.003387796909
3.04 0.003460676061
3.05 0.003524439994
3.06 0.003578841608
3.07 0.003623660233
3.08 0.003658702441
3.09 0.003683802791
3.1 0.003698824524
3.11 0.003703660183
3.12 0.003698232168
3.13 0.003682493223
3.14 0.00365642684
3.15 0.003620047602
3.16 0.003573401428
3.17 0.00351656575
3.18 0.003449649604
3.19 0.003372793629
3.2 0.003286169986
3.21 0.003189982183
3.22 0.003084464814
3.23 0.002969883198
3.24 0.002846532937
3.25 0.002714739368
3.26 0.002574856933
3.27 0.002427268443
3.28 0.002272384256
3.29 0.00211064136
3.3 0.001942502358
3.31 0.001768454365
3.32 0.00158900781
3.33 0.001404695152
3.34 0.001216069501
3.35 0.00102370316
3.36 0.0008281860791
3.37 0.0006301242247
3.38 0.0004301378767
3.39 0.0002288598453
3.4 2.693361823e-05
3.41 -0.0001749885617
3.42 -0.0003762476814
3.43 -0.0005761800031
3.44 -0.0007741191636
3.45 -0.0009693983236
3.46 -0.001161352361
3.47 -0.001349320104
3.48 -0.001532646592
3.49 -0.00171068537
3.5 -0.001882800796
3.51 -0.002048370366
3.52 -0.00220678704
3.53 -0.002357461571
3.54 -0.002499824824
3.55 -0.002633330072
3.56 -0.002757455278
3.57 -0.002871705334
3.58 -0.002975614263
3.59 -0.003068747373
3.6 -0.003150703345
3.61 -0.003221116264
3.62 -0.003279657565
3.63 -0.003326037897
3.64 -0.003360008898
3.65 -0.003381364856
3.66 -0.003389944271
3.67 -0.003385631284
3.68 -0.003368356989
3.69 -0.003338100595
3.7 -0.00329489045
3.71 -0.003238804905
3.72 -0.003169973017
3.73 -0.003088575082
3.74 -0.002994842981
3.75 -0.002889060356
3.76 -0.002771562577
3.77 -0.002642736517
3.78 -0.002503020123
3.79 -0.00235290177
3.8 -0.002192919406
3.81 -0.002023659471
3.82 -0.001845755591
3.83 -0.001659887052
3.84 -0.001466777037
3.85 -0.001267190632
3.86 -0.001061932601
3.87 -0.0008518449315
3.88 -0.000637804142
3.89 -0.0004207183659
3.9 -0.0002015242049
3.91 1.881663949e-05
3.92 0.0002393209516
3.93 0.0004589878004
3.94 0.0006768025422
3.95 0.0008917410196
3.96 0.001102773947
3.97 0.001308871471
3.98 0.001509007897
3.99 0.001702166559
4 0.001887344831
4.01 0.002063559254
4.02 0.00222985076
4.03 0.002385289986
4.04 0.002528982638
4.05 0.0026600749
4.06 0.002777758861
4.07 0.002881277924
4.08 0.002969932183
4.09 0.003043083741
4.1 0.003100161926
4.11 0.003140668388
4.12 0.003164182045
4.13 0.003170363832
4.14 0.003158961234
4.15 0.003129812563
4.16 0.003082850931
4.17 0.003018107907
4.18 0.002935716789
4.19 0.002835915482
4.2 0.00271904892
4.21 0.002585571005
4.22 0.002436046016
4.23 0.002271149458
4.24 0.002091668295
4.25 0.001898500548
4.26 0.0016926542
4.27 0.001475245381
4.28 0.001247495794
4.29 0.001010729349
4.3 0.0007663679672
4.31 0.0005159265227
4.32 0.0002610069039
4.33 3.291156818e-06
4.34 -0.0002554663051
4.35 -0.0005134474446
4.36 -0.0007687803113
4.37 -0.001019549728
4.38 -0.001263808954
4.39 -0.00149959233
4.4 -0.001724928878
4.41 -0.001937856858
4.42 -0.002136439245
4.43 -0.002318780084
4.44 -0.0024830417
4.45 -0.002627462681
4.46 -0.00275037658
4.47 -0.002850231259
4.48 -0.002925608766
4.49 -0.002975245645
4.5 -0.00299805355
4.51 -0.002993140022
4.52 -0.002959829255
4.53 -0.002897682686
4.54 -0.002806519187
4.55 -0.002686434639
4.56 -0.002537820636
4.57 -0.002361382037
4.58 -0.00215815305
4.59 -0.001929511532
4.6 -0.001677191102
4.61 -0.001403290695
4.62 -0.001110281085
4.63 -0.0008010079243
4.64 -0.0004786907494
4.65 -0.0001469174138
4.66 0.0001903666836
4.67 0.0005288752251
4.68 0.0008640041741
4.69 0.001190862313
4.7 0.001504309949
4.71 0.001799006671
4.72 0.002069469117
4.73 0.002310139763
4.74 0.002515467838
4.75 0.002680003525
4.76 0.002798506703
4.77 0.00286607156
4.78 0.002878268502
4.79 0.00283130487
4.8 0.002722206087
4.81 0.002549018939
4.82 0.002311038829
4.83 0.002009062933
4.84 0.001645671318
4.85 0.001225538213
4.86 0.0007557757377
4.87 0.0002463125436
4.88 -0.0002896900285
4.89 -0.000835381538
4.9 -0.001369722868
4.91 -0.001866940414
4.92 -0.002295930798
4.93 -0.00261961267
4.94 -0.002794222004
4.95 -0.002768547049
4.96 -0.002483098944
4.97 -0.001869213741
4.98 -0.0008480813823
4.99 0.0006703030575
5 0.002788270816


