-5 1.388794386e-11
-4.99 -0.00304117225
-4.98 -0.006038145867
-4.97 -0.008991149955
-4.96 -0.01190041318
-4.95 -0.01476616373
-4.94 -0.01758862935
-4.93 -0.02036803733
-4.92 -0.02310461449
-4.91 -0.02579858718
-4.9 -0.02845018131
-4.89 -0.03105962232
-4.88 -0.0336271352
-4.87 -0.03615294446
-4.86 -0.03863727418
-4.85 -0.04108034795
-4.84 -0.04348238893
-4.83 -0.04584361978
-4.82 -0.04816426275
-4.81 -0.0504445396
-4.8 -0.05268467163
-4.79 -0.05488487969
-4.78 -0.05704538416
-4.77 -0.05916640497
-4.76 -0.0612481616
-4.75 -0.06329087304
-4.74 -0.06529475785
-4.73 -0.06726003412
-4.72 -0.06918691947
-4.71 -0.07107563107
-4.7 -0.07292638564
-4.69 -0.07473939942
-4.68 -0.0765148882
-4.67 -0.07825306732
-4.66 -0.07995415165
-4.65 -0.08161835559
-4.64 -0.08324589311
-4.63 -0.08483697769
-4.62 -0.08639182236
-4.61 -0.08791063971
-4.6 -0.08939364183
-4.59 -0.0908410404
-4.58 -0.09225304659
-4.57 -0.09362987116
-4.56 -0.09497172436
-4.55 -0.09627881602
-4.54 -0.0975513555
-4.53 -0.09878955168
-4.52 -0.09999361301
-4.51 -0.1011637475
-4.5 -0.1023001626
-4.49 -0.1034030653
-4.48 -0.1044726624
-4.47 -0.10550916
-4.46 -0.1065127636
-4.45 -0.1074836786
-4.44 -0.1084221096
-4.43 -0.1093282611
-4.42 -0.1102023368
-4.41 -0.1110445401
-4.4 -0.1118550739
-4.39 -0.1126341408
-4.38 -0.1133819426
-4.37 -0.114098681
-4.36 -0.114784557
-4.35 -0.1154397713
-4.34 -0.116064524
-4.33 -0.1166590147
-4.32 -0.1172234429
-4.31 -0.1177580072
-4.3 -0.118262906
-4.29 -0.1187383371
-4.28 -0.1191844979
-4.27 -0.1196015854
-4.26 -0.1199897961
-4.25 -0.1203493261
-4.24 -0.1206803707
-4.23 -0.1209831253
-4.22 -0.1212577844
-4.21 -0.1215045422
-4.2 -0.1217235924
-4.19 -0.1219151284
-4.18 -0.1220793428
-4.17 -0.1222164282
-4.16 -0.1223265763
-4.15 -0.1224099786
-4.14 -0.1224668261
-4.13 -0.1224973092
-4.12 -0.1225016181
-4.11 -0.1224799423
-4.1 -0.1224324709
-4.09 -0.1223593927
-4.08 -0.1222608958
-4.07 -0.122137168
-4.06 -0.1219883966
-4.05 -0.1218147684
-4.04 -0.1216164698
-4.03 -0.1213936867
-4.02 -0.1211466046
-4.01 -0.1208754085
-4 -0.1205802829
-3.99 -0.1202614118
-3.98 -0.1199189789
-3.97 -0.1195531674
-3.96 -0.11916416
-3.95 -0.1187521388
-3.94 -0.1183172857
-3.93 -0.117859782
-3.92 -0.1173798086
-3.91 -0.1168775457
-3.9 -0.1163531735
-3.89 -0.1158068714
-3.88 -0.1152388183
-3.87 -0.1146491929
-3.86 -0.1140381733
-3.85 -0.113405937
-3.84 -0.1127526613
-3.83 -0.112078523
-3.82 -0.1113836982
-3.81 -0.1106683627
-3.8 -0.109932692
-3.79 -0.1091768609
-3.78 -0.1084010438
-3.77 -0.1076054147
-3.76 -0.1067901471
-3.75 -0.105955414
-3.74 -0.105101388
-3.73 -0.1042282413
-3.72 -0.1033361456
-3.71 -0.1024252719
-3.7 -0.1014957912
-3.69 -0.1005478736
-3.68 -0.09958168897
-3.67 -0.09859740673
-3.66 -0.09759519576
-3.65 -0.09657522452
-3.64 -0.09553766099
-3.63 -0.09448267271
-3.62 -0.09341042674
-3.61 -0.0923210897
-3.6 -0.09121482774
-3.59 -0.09009180655
-3.58 -0.08895219136
-3.57 -0.08779614695
-3.56 -0.08662383763
-3.55 -0.08543542726
-3.54 -0.08423107922
-3.53 -0.08301095646
-3.52 -0.08177522144
-3.51 -0.08052403619
-3.5 -0.07925756225
-3.49 -0.07797596073
-3.48 -0.07667939227
-3.47 -0.07536801702
-3.46 -0.07404199473
-3.45 -0.07270148464
-3.44 -0.07134664555
-3.43 -0.0699776358
-3.42 -0.06859461326
-3.41 -0.06719773537
-3.4 -0.06578715907
-3.39 -0.06436304086
-3.38 -0.0629255368
-3.37 -0.06147480245
-3.36 -0.06001099294
-3.35 -0.05853426293
-3.34 -0.05704476662
-3.33 -0.05554265776
-3.32 -0.05402808962
-3.31 -0.05250121503
-3.3 -0.05096218636
-3.29 -0.0494111555
-3.28 -0.0478482739
-3.27 -0.04627369255
-3.26 -0.04468756197
-3.25 -0.04309003222
-3.24 -0.04148125291
-3.23 -0.0398613732
-3.22 -0.03823054175
-3.21 -0.0365889068
-3.2 -0.03493661613
-3.19 -0.03327381702
-3.18 -0.03160065634
-3.17 -0.02991728047
-3.16 -0.02822383534
-3.15 -0.02652046642
-3.14 -0.02480731872
-3.13 -0.02308453678
-3.12 -0.02135226471
-3.11 -0.01961064612
-3.1 -0.01785982419
-3.09 -0.01609994164
-3.08 -0.0143311407
-3.07 -0.01255356318
-3.06 -0.01076735041
-3.05 -0.008972643262
-3.04 -0.007169582146
-3.03 -0.005358307016
-3.02 -0.003538957369
-3.01 -0.001711672237
-3 0.0001234098041
-2.99 0.001966150639
-2.98 0.003816412613
-2.97 0.00567405853
-2.96 0.007538951652
-2.95 0.009410955705
-2.94 0.01128993487
-2.93 0.01317575379
-2.92 0.01506827757
-2.91 0.01696737176
-2.9 0.0188729024
-2.89 0.02078473596
-2.88 0.02270273938
-2.87 0.02462678006
-2.86 0.02655672586
-2.85 0.02849244511
-2.84 0.03043380657
-2.83 0.0323806795
-2.82 0.03433293358
-2.81 0.03629043898
-2.8 0.03825306631
-2.79 0.04022068665
-2.78 0.04219317154
-2.77 0.04417039297
-2.76 0.04615222341
-2.75 0.04813853575
-2.74 0.05012920339
-2.73 0.05212410015
-2.72 0.05412310033
-2.71 0.05612607869
-2.7 0.05813291044
-2.69 0.06014347124
-2.68 0.06215763724
-2.67 0.06417528503
-2.66 0.06619629165
-2.65 0.06822053463
-2.64 0.07024789192
-2.63 0.07227824197
-2.62 0.07431146367
-2.61 0.07634743636
-2.6 0.07838603985
-2.59 0.08042715441
-2.58 0.08247066078
-2.57 0.08451644014
-2.56 0.08656437414
-2.55 0.08861434489
-2.54 0.09066623495
-2.53 0.09271992736
-2.52 0.0947753056
-2.51 0.09683225361
-2.5 0.0988906558
-2.49 0.100950397
-2.48 0.1030113627
-2.47 0.1050734384
-2.46 0.1071365106
-2.45 0.1092004659
-2.44 0.1112651914
-2.43 0.1133305749
-2.42 0.1153965043
-2.41 0.1174628683
-2.4 0.1195295557
-2.39 0.1215964562
-2.38 0.1236634595
-2.37 0.1257304562
-2.36 0.127797337
-2.35 0.1298639932
-2.34 0.1319303165
-2.33 0.1339961993
-2.32 0.1360615342
-2.31 0.1381262143
-2.3 0.1401901333
-2.29 0.1422531851
-2.28 0.1443152643
-2.27 0.1463762659
-2.26 0.1484360853
-2.25 0.1504946184
-2.24 0.1525517616
-2.23 0.1546074116
-2.22 0.1566614658
-2.21 0.158713822
-2.2 0.1607643782
-2.19 0.1628130331
-2.18 0.1648596859
-2.17 0.1669042361
-2.16 0.1689465838
-2.15 0.1709866294
-2.14 0.173024274
-2.13 0.1750594189
-2.12 0.1770919659
-2.11 0.1791218175
-2.1 0.1811488764
-2.09 0.1831730459
-2.08 0.1851942296
-2.07 0.1872123318
-2.06 0.189227257
-2.05 0.1912389104
-2.04 0.1932471975
-2.03 0.1952520244
-2.02 0.1972532974
-2.01 0.1992509235
-2 0.2012448102
-1.99 0.2032348651
-1.98 0.2052209968
-1.97 0.2072031138
-1.96 0.2091811255
-1.95 0.2111549415
-1.94 0.213124472
-1.93 0.2150896276
-1.92 0.2170503193
-1.91 0.2190064587
-1.9 0.2209579577
-1.89 0.2229047289
-1.88 0.224846685
-1.87 0.2267837394
-1.86 0.2287158061
-1.85 0.2306427992
-1.84 0.2325646335
-1.83 0.2344812242
-1.82 0.236392487
-1.81 0.2382983379
-1.8 0.2401986936
-1.79 0.2420934712
-1.78 0.243982588
-1.77 0.245865962
-1.76 0.2477435118
-1.75 0.249615156
-1.74 0.2514808142
-1.73 0.2533404061
-1.72 0.2551938519
-1.71 0.2570410723
-1.7 0.2588819886
-1.69 0.2607165223
-1.68 0.2625445957
-1.67 0.2643661311
-1.66 0.2661810516
-1.65 0.2679892808
-1.64 0.2697907425
-1.63 0.2715853611
-1.62 0.2733730615
-1.61 0.275153769
-1.6 0.2769274094
-1.59 0.2786939089
-1.58 0.2804531942
-1.57 0.2822051923
-1.56 0.2839498311
-1.55 0.2856870385
-1.54 0.287416743
-1.53 0.2891388736
-1.52 0.2908533599
-1.51 0.2925601316
-1.5 0.2942591192
-1.49 0.2959502535
-1.48 0.2976334657
-1.47 0.2993086877
-1.46 0.3009758516
-1.45 0.3026348901
-1.44 0.3042857364
-1.43 0.3059283239
-1.42 0.3075625868
-1.41 0.3091884595
-1.4 0.3108058771
-1.39 0.3124147749
-1.38 0.3140150889
-1.37 0.3156067553
-1.36 0.3171897109
-1.35 0.3187638932
-1.34 0.3203292396
-1.33 0.3218856885
-1.32 0.3234331785
-1.31 0.3249716487
-1.3 0.3265010386
-1.29 0.3280212883
-1.28 0.3295323382
-1.27 0.3310341293
-1.26 0.3325266029
-1.25 0.334009701
-1.24 0.3354833659
-1.23 0.3369475402
-1.22 0.3384021674
-1.21 0.339847191
-1.2 0.3412825552
-1.19 0.3427082047
-1.18 0.3441240845
-1.17 0.3455301401
-1.16 0.3469263176
-1.15 0.3483125634
-1.14 0.3496888244
-1.13 0.3510550479
-1.12 0.3524111819
-1.11 0.3537571746
-1.1 0.3550929748
-1.09 0.3564185316
-1.08 0.3577337948
-1.07 0.3590387145
-1.06 0.3603332412
-1.05 0.3616173261
-1.04 0.3628909206
-1.03 0.3641539767
-1.02 0.3654064468
-1.01 0.3666482839
-1 0.3678794412
-0.99 0.3690998726
-0.98 0.3703095323
-0.97 0.3715083751
-0.96 0.3726963562
-0.95 0.3738734312
-0.94 0.3750395562
-0.93 0.3761946878
-0.92 0.3773387829
-0.91 0.3784717992
-0.9 0.3795936945
-0.89 0.3807044273
-0.88 0.3818039563
-0.87 0.382892241
-0.86 0.3839692411
-0.85 0.3850349169
-0.84 0.386089229
-0.83 0.3871321386
-0.82 0.3881636074
-0.81 0.3891835974
-0.8 0.3901920712
-0.79 0.3911889917
-0.78 0.3921743224
-0.77 0.3931480273
-0.76 0.3941100708
-0.75 0.3950604175
-0.74 0.395999033
-0.73 0.3969258829
-0.72 0.3978409334
-0.71 0.3987441512
-0.7 0.3996355035
-0.69 0.4005149579
-0.68 0.4013824823
-0.67 0.4022380454
-0.66 0.4030816161
-0.65 0.4039131638
-0.64 0.4047326584
-0.63 0.4055400703
-0.62 0.4063353704
-0.61 0.4071185298
-0.6 0.4078895203
-0.59 0.4086483141
-0.58 0.4093948839
-0.57 0.4101292027
-0.56 0.4108512442
-0.55 0.4115609823
-0.54 0.4122583916
-0.53 0.412943447
-0.52 0.4136161239
-0.51 0.4142763982
-0.5 0.4149242463
-0.49 0.4155596448
-0.48 0.4161825712
-0.47 0.4167930029
-0.46 0.4173909183
-0.45 0.417976296
-0.44 0.4185491151
-0.43 0.419109355
-0.42 0.4196569958
-0.41 0.420192018
-0.4 0.4207144025
-0.39 0.4212241307
-0.38 0.4217211844
-0.37 0.422205546
-0.36 0.4226771981
-0.35 0.4231361241
-0.34 0.4235823076
-0.33 0.4240157327
-0.32 0.424436384
-0.31 0.4248442467
-0.3 0.4252393062
-0.29 0.4256215486
-0.28 0.4259909602
-0.27 0.4263475279
-0.26 0.4266912392
-0.25 0.4270220818
-0.24 0.427340044
-0.23 0.4276451146
-0.22 0.4279372827
-0.21 0.4282165381
-0.2 0.4284828708
-0.19 0.4287362714
-0.18 0.4289767309
-0.17 0.4292042409
-0.16 0.4294187933
-0.15 0.4296203805
-0.14 0.4298089954
-0.13 0.4299846314
-0.12 0.4301472822
-0.11 0.430296942
-0.1 0.4304336057
-0.09 0.4305572683
-0.08 0.4306679255
-0.07 0.4307655734
-0.06 0.4308502086
-0.05 0.430921828
-0.04 0.4309804291
-0.03 0.43102601
-0.02 0.4310585689
-0.01 0.4310781046
-6.230779781e-14 0.4310846166
0.01 0.4310781046
0.02 0.4310585689
0.03 0.43102601
0.04 0.4309804291
0.05 0.430921828
0.06 0.4308502086
0.07 0.4307655734
0.08 0.4306679255
0.09 0.4305572683
0.1 0.4304336057
0.11 0.430296942
0.12 0.4301472822
0.13 0.4299846314
0.14 0.4298089954
0.15 0.4296203805
0.16 0.4294187933
0.17 0.4292042409
0.18 0.4289767309
0.19 0.4287362714
0.2 0.4284828708
0.21 0.4282165381
0.22 0.4279372827
0.23 0.4276451146
0.24 0.427340044
0.25 0.4270220818
0.26 0.4266912392
0.27 0.4263475279
0.28 0.4259909602
0.29 0.4256215486
0.3 0.4252393062
0.31 0.4248442467
0.32 0.424436384
0.33 0.4240157327
0.34 0.4235823076
0.35 0.4231361241
0.36 0.4226771981
0.37 0.422205546
0.38 0.4217211844
0.39 0.4212241307
0.4 0.4207144025
0.41 0.420192018
0.42 0.4196569958
0.43 0.419109355
0.44 0.4185491151
0.45 0.417976296
0.46 0.4173909183
0.47 0.4167930029
0.48 0.4161825712
0.49 0.4155596448
0.5 0.4149242463
0.51 0.4142763982
0.52 0.4136161239
0.53 0.412943447
0.54 0.4122583916
0.55 0.4115609823
0.56 0.4108512442
0.57 0.4101292027
0.58 0.4093948839
0.59 0.4086483141
0.6 0.4078895203
0.61 0.4071185298
0.62 0.4063353704
0.63 0.4055400703
0.64 0.4047326584
0.65 0.4039131638
0.66 0.4030816161
0.67 0.4022380454
0.68 0.4013824823
0.69 0.4005149579
0.7 0.3996355035
0.71 0.3987441512
0.72 0.3978409334
0.73 0.3969258829
0.74 0.395999033
0.75 0.3950604175
0.76 0.3941100708
0.77 0.3931480273
0.78 0.3921743224
0.79 0.3911889917
0.8 0.3901920712
0.81 0.3891835974
0.82 0.3881636074
0.83 0.3871321386
0.84 0.386089229
0.85 0.3850349169
0.86 0.3839692411
0.87 0.382892241
0.88 0.3818039563
0.89 0.3807044273
0.9 0.3795936945
0.91 0.3784717992
0.92 0.3773387829
0.93 0.3761946878
0.94 0.3750395562
0.95 0.3738734312
0.96 0.3726963562
0.97 0.3715083751
0.98 0.3703095323
0.99 0.3690998726
1 0.3678794412
1.01 0.3666482839
1.02 0.3654064468
1.03 0.3641539767
1.04 0.3628909206
1.05 0.3616173261
1.06 0.3603332412
1.07 0.3590387145
1.08 0.3577337948
1.09 0.3564185316
1.1 0.3550929748
1.11 0.3537571746
1.12 0.3524111819
1.13 0.3510550479
1.14 0.3496888244
1.15 0.3483125634
1.16 0.3469263176
1.17 0.3455301401
1.18 0.3441240845
1.19 0.3427082047
1.2 0.3412825552
1.21 0.339847191
1.22 0.3384021674
1.23 0.3369475402
1.24 0.3354833659
1.25 0.334009701
1.26 0.3325266029
1.27 0.3310341293
1.28 0.3295323382
1.29 0.3280212883
1.3 0.3265010386
1.31 0.3249716487
1.32 0.3234331785
1.33 0.3218856885
1.34 0.3203292396
1.35 0.3187638932
1.36 0.3171897109
1.37 0.3156067553
1.38 0.3140150889
1.39 0.3124147749
1.4 0.3108058771
1.41 0.3091884595
1.42 0.3075625868
1.43 0.3059283239
1.44 0.3042857364
1.45 0.3026348901
1.46 0.3009758516
1.47 0.2993086877
1.48 0.2976334657
1.49 0.2959502535
1.5 0.2942591192
1.51 0.2925601316
1.52 0.2908533599
1.53 0.2891388736
1.54 0.287416743
1.55 0.2856870385
1.56 0.2839498311
1.57 0.2822051923
1.58 0.2804531942
1.59 0.2786939089
1.6 0.2769274094
1.61 0.275153769
1.62 0.2733730615
1.63 0.2715853611
1.64 0.2697907425
1.65 0.2679892808
1.66 0.2661810516
1.67 0.2643661311
1.68 0.2625445957
1.69 0.2607165223
1.7 0.2588819886
1.71 0.2570410723
1.72 0.2551938519
1.73 0.2533404061
1.74 0.2514808142
1.75 0.249615156
1.76 0.2477435118
1.77 0.245865962
1.78 0.243982588
1.79 0.2420934712
1.8 0.2401986936
1.81 0.2382983379
1.82 0.236392487
1.83 0.2344812242
1.84 0.2325646335
1.85 0.2306427992
1.86 0.2287158061
1.87 0.2267837394
1.88 0.224846685
1.89 0.2229047289
1.9 0.2209579577
1.91 0.2190064587
1.92 0.2170503193
1.93 0.2150896276
1.94 0.213124472
1.95 0.2111549415
1.96 0.2091811255
1.97 0.2072031138
1.98 0.2052209968
1.99 0.2032348651
2 0.2012448102
2.01 0.1992509235
2.02 0.1972532974
2.03 0.1952520244
2.04 0.1932471975
2.05 0.1912389104
2.06 0.189227257
2.07 0.1872123318
2.08 0.1851942296
2.09 0.1831730459
2.1 0.1811488764
2.11 0.1791218175
2.12 0.1770919659
2.13 0.1750594189
2.14 0.173024274
2.15 0.1709866294
2.16 0.1689465838
2.17 0.1669042361
2.18 0.1648596859
2.19 0.1628130331
2.2 0.1607643782
2.21 0.158713822
2.22 0.1566614658
2.23 0.1546074116
2.24 0.1525517616
2.25 0.1504946184
2.26 0.1484360853
2.27 0.1463762659
2.28 0.1443152643
2.29 0.1422531851
2.3 0.1401901333
2.31 0.1381262143
2.32 0.1360615342
2.33 0.1339961993
2.34 0.1319303165
2.35 0.1298639932
2.36 0.127797337
2.37 0.1257304562
2.38 0.1236634595
2.39 0.1215964562
2.4 0.1195295557
2.41 0.1174628683
2.42 0.1153965043
2.43 0.1133305749
2.44 0.1112651914
2.45 0.1092004659
2.46 0.1071365106
2.47 0.1050734384
2.48 0.1030113627
2.49 0.100950397
2.5 0.0988906558
2.51 0.09683225361
2.52 0.0947753056
2.53 0.09271992736
2.54 0.09066623495
2.55 0.08861434489
2.56 0.08656437414
2.57 0.08451644014
2.58 0.08247066078
2.59 0.08042715441
2.6 0.07838603985
2.61 0.07634743636
2.62 0.07431146367
2.63 0.07227824197
2.64 0.07024789192
2.65 0.06822053463
2.66 0.06619629165
2.67 0.06417528503
2.68 0.06215763724
2.69 0.06014347124
2.7 0.05813291044
2.71 0.05612607869
2.72 0.05412310033
2.73 0.05212410015
2.74 0.05012920339
2.75 0.04813853575
2.76 0.04615222341
2.77 0.04417039297
2.78 0.04219317154
2.79 0.04022068665
2.8 0.03825306631
2.81 0.03629043898
2.82 0.03433293358
2.83 0.0323806795
2.84 0.03043380657
2.85 0.02849244511
2.86 0.02655672586
2.87 0.02462678006
2.88 0.02270273938
2.89 0.02078473596
2.9 0.0188729024
2.91 0.01696737176
2.92 0.01506827757
2.93 0.01317575379
2.94 0.01128993487
2.95 0.009410955705
2.96 0.007538951652
2.97 0.00567405853
2.98 0.003816412613
2.99 0.001966150639
3 0.0001234098041
3.01 -0.001711672237
3.02 -0.003538957369
3.03 -0.005358307016
3.04 -0.007169582146
3.05 -0.008972643262
3.06 -0.01076735041
3.07 -0.01255356318
3.08 -0.0143311407
3.09 -0.01609994164
3.1 -0.01785982419
3.11 -0.01961064612
3.12 -0.02135226471
3.13 -0.02308453678
3.14 -0.02480731872
3.15 -0.02652046642
3.16 -0.02822383534
3.17 -0.02991728047
3.18 -0.03160065634
3.19 -0.03327381702
3.2 -0.03493661613
3.21 -0.0365889068
3.22 -0.03823054175
3.23 -0.0398613732
3.24 -0.04148125291
3.25 -0.04309003222
3.26 -0.04468756197
3.27 -0.04627369255
3.28 -0.0478482739
3.29 -0.0494111555
3.3 -0.05096218636
3.31 -0.05250121503
3.32 -0.05402808962
3.33 -0.05554265776
3.34 -0.05704476662
3.35 -0.05853426293
3.36 -0.06001099294
3.37 -0.06147480245
3.38 -0.0629255368
3.39 -0.06436304086
3.4 -0.06578715907
3.41 -0.06719773537
3.42 -0.06859461326
3.43 -0.0699776358
3.44 -0.07134664555
3.45 -0.07270148464
3.46 -0.07404199473
3.47 -0.07536801702
3.48 -0.07667939227
3.49 -0.07797596073
3.5 -0.07925756225
3.51 -0.08052403619
3.52 -0.08177522144
3.53 -0.08301095646
3.54 -0.08423107922
3.55 -0.08543542726
3.56 -0.08662383763
3.57 -0.08779614695
3.58 -0.08895219136
3.59 -0.09009180655
3.6 -0.09121482774
3.61 -0.0923210897
3.62 -0.09341042674
3.63 -0.09448267271
3.64 -0.09553766099
3.65 -0.09657522452
3.66 -0.09759519576
3.67 -0.09859740673
3.68 -0.09958168897
3.69 -0.1005478736
3.7 -0.1014957912
3.71 -0.1024252719
3.72 -0.1033361456
3.73 -0.1042282413
3.74 -0.105101388
3.75 -0.105955414
3.76 -0.1067901471
3.77 -0.1076054147
3.78 -0.1084010438
3.79 -0.1091768609
3.8 -0.109932692
3.81 -0.1106683627
3.82 -0.1113836982
3.83 -0.112078523
3.84 -0.1127526613
3.85 -0.113405937
3.86 -0.1140381733
3.87 -0.1146491929
3.88 -0.1152388183
3.89 -0.1158068714
3.9 -0.1163531735
3.91 -0.1168775457
3.92 -0.1173798086
3.93 -0.117859782
3.94 -0.1183172857
3.95 -0.1187521388
3.96 -0.11916416
3.97 -0.1195531674
3.98 -0.1199189789
3.99 -0.1202614118
4 -0.1205802829
4.01 -0.1208754085
4.02 -0.1211466046
4.03 -0.1213936867
4.04 -0.1216164698
4.05 -0.1218147684
4.06 -0.1219883966
4.07 -0.122137168
4.08 -0.1222608958
4.09 -0.1223593927
4.1 -0.1224324709
4.11 -0.1224799423
4.12 -0.1225016181
4.13 -0.1224973092
4.14 -0.1224668261
4.15 -0.1224099786
4.16 -0.1223265763
4.17 -0.1222164282
4.18 -0.1220793428
4.19 -0.1219151284
4.2 -0.1217235924
4.21 -0.1215045422
4.22 -0.1212577844
4.23 -0.1209831253
4.24 -0.1206803707
4.25 -0.1203493261
4.26 -0.1199897961
4.27 -0.1196015854
4.28 -0.1191844979
4.29 -0.1187383371
4.3 -0.118262906
4.31 -0.1177580072
4.32 -0.1172234429
4.33 -0.1166590147
4.34 -0.116064524
4.35 -0.1154397713
4.36 -0.114784557
4.37 -0.114098681
4.38 -0.1133819426
4.39 -0.1126341408
4.4 -0.1118550739
4.41 -0.1110445401
4.42 -0.1102023368
4.43 -0.1093282611
4.44 -0.1084221096
4.45 -0.1074836786
4.46 -0.1065127636
4.47 -0.10550916
4.48 -0.1044726624
4.49 -0.1034030653
4.5 -0.1023001626
4.51 -0.1011637475
4.52 -0.09999361301
4.53 -0.09878955168
4.54 -0.0975513555
4.55 -0.09627881602
4.56 -0.09497172436
4.57 -0.09362987116
4.58 -0.09225304659
4.59 -0.0908410404
4.6 -0.08939364183
4.61 -0.08791063971
4.62 -0.08639182236
4.63 -0.08483697769
4.64 -0.08324589311
4.65 -0.08161835559
4.66 -0.07995415165
4.67 -0.07825306732
4.68 -0.0765148882
4.69 -0.07473939942
4.7 -0.07292638564
4.71 -0.07107563107
4.72 -0.06918691947
4.73 -0.06726003412
4.74 -0.06529475785
4.75 -0.06329087304
4.76 -0.0612481616
4.77 -0.05916640497
4.78 -0.05704538416
4.79 -0.05488487969
4.8 -0.05268467163
4.81 -0.0504445396
4.82 -0.04816426275
4.83 -0.04584361978
4.84 -0.04348238893
4.85 -0.04108034795
4.86 -0.03863727418
4.87 -0.03615294446
4.88 -0.0336271352
4.89 -0.03105962232
4.9 -0.02845018131
4.91 -0.02579858718
4.92 -0.02310461449
4.93 -0.02036803733
4.94 -0.01758862935
4.95 -0.01476616373
4.96 -0.01190041318
4.97 -0.008991149955
4.98 -0.006038145867
4.99 -0.00304117225
5 1.384985267e-11


-5 1.388794386e-11
-4.99 0.1872947757
-4.98 0.3643343588
-4.97 0.5314562212
-4.96 0.6889899092
-4.95 0.837257183
-4.94 0.9765721533
-4.93 1.107241417
-4.92 1.22956419
-4.91 1.343832439
-4.9 1.450331013
-4.89 1.549337769
-4.88 1.6411237
-4.87 1.725953059
-4.86 1.804083483
-4.85 1.875766113
-4.84 1.941245716
-4.83 2.0007608
-4.82 2.054543734
-4.81 2.10282086
-4.8 2.145812608
-4.79 2.183733607
-4.78 2.216792794
-4.77 2.245193526
-4.76 2.269133683
-4.75 2.288805778
-4.74 2.304397057
-4.73 2.316089604
-4.72 2.324060441
-4.71 2.328481628
-4.7 2.329520364
-4.69 2.327339077
-4.68 2.322095528
-4.67 2.313942899
-4.66 2.303029887
-4.65 2.289500797
-4.64 2.27349563
-4.63 2.255150174
-4.62 2.234596088
-4.61 2.211960992
-4.6 2.187368547
-4.59 2.160938544
-4.58 2.132786982
-4.57 2.103026149
-4.56 2.071764705
-4.55 2.039107758
-4.54 2.005156942
-4.53 1.970010492
-4.52 1.93376332
-4.51 1.89650709
-4.5 1.858330288
-4.49 1.819318295
-4.48 1.779553456
-4.47 1.739115152
-4.46 1.698079864
-4.45 1.656521245
-4.44 1.614510182
-4.43 1.572114861
-4.42 1.529400833
-4.41 1.486431076
-4.4 1.443266055
-4.39 1.399963786
-4.38 1.356579892
-4.37 1.313167666
-4.36 1.269778123
-4.35 1.226460062
-4.34 1.18326012
-4.33 1.140222826
-4.32 1.097390656
-4.31 1.054804085
-4.3 1.01250164
-4.29 0.9705199507
-4.28 0.9288937995
-4.27 0.8876561718
-4.26 0.8468383035
-4.25 0.8064697292
-4.24 0.7665783288
-4.23 0.7271903735
-4.22 0.6883305709
-4.21 0.6500221093
-4.2 0.6122867012
-4.19 0.575144626
-4.18 0.5386147719
-4.17 0.5027146769
-4.16 0.4674605692
-4.15 0.4328674072
-4.14 0.3989489174
-4.13 0.3657176334
-4.12 0.3331849329
-4.11 0.3013610741
-4.1 0.2702552322
-4.09 0.239875534
-4.08 0.2102290928
-4.07 0.1813220422
-4.06 0.1531595692
-4.05 0.1257459467
-4.04 0.09908456526
-4.03 0.07317796448
-4.02 0.04802786337
-4.01 0.02363519036
-4 1.125352243e-07
-3.99 -0.02287793566
-3.98 -0.04500022436
-3.97 -0.06636870082
-3.96 -0.08698596252
-3.95 -0.1068552309
-3.94 -0.1259803256
-3.93 -0.1443656394
-3.92 -0.1620161134
-3.91 -0.1789372132
-3.9 -0.1951349054
-3.89 -0.2106156344
-3.88 -0.2253863001
-3.87 -0.2394542361
-3.86 -0.2528271881
-3.85 -0.265513293
-3.84 -0.2775210585
-3.83 -0.2888593434
-3.82 -0.2995373377
-3.81 -0.3095645443
-3.8 -0.3189507597
-3.79 -0.3277060565
-3.78 -0.3358407659
-3.77 -0.34336546
-3.76 -0.3502909358
-3.75 -0.3566281982
-3.74 -0.3623884449
-3.73 -0.3675830504
-3.72 -0.3722235514
-3.71 -0.3763216319
-3.7 -0.3798891092
-3.69 -0.3829379199
-3.68 -0.3854801067
-3.67 -0.3875278054
-3.66 -0.3890932318
-3.65 -0.39018867
-3.64 -0.3908264601
-3.63 -0.3910189866
-3.62 -0.3907786675
-3.61 -0.390117943
-3.6 -0.3890492653
-3.59 -0.3875850883
-3.58 -0.3857378577
-3.57 -0.3835200012
-3.56 -0.3809439199
-3.55 -0.3780219786
-3.54 -0.3747664978
-3.53 -0.3711897449
-3.52 -0.3673039267
-3.51 -0.363121181
-3.5 -0.3586535698
-3.49 -0.3539130717
-3.48 -0.348911575
-3.47 -0.3436608713
-3.46 -0.3381726492
-3.45 -0.3324584875
-3.44 -0.3265298503
-3.43 -0.3203980808
-3.42 -0.3140743959
-3.41 -0.3075698813
-3.4 -0.3008954868
-3.39 -0.2940620209
-3.38 -0.2870801473
-3.37 -0.2799603798
-3.36 -0.2727130791
-3.35 -0.2653484483
-3.34 -0.2578765299
-3.33 -0.2503072021
-3.32 -0.2426501755
-3.31 -0.2349149905
-3.3 -0.2271110143
-3.29 -0.2192474382
-3.28 -0.2113332754
-3.27 -0.2033773585
-3.26 -0.1953883377
-3.25 -0.1873746785
-3.24 -0.1793446605
-3.23 -0.1713063754
-3.22 -0.1632677257
-3.21 -0.1552364235
-3.2 -0.1472199895
-3.19 -0.1392257516
-3.18 -0.1312608446
-3.17 -0.1233322092
-3.16 -0.1154465917
-3.15 -0.1076105434
-3.14 -0.09983042035
-3.13 -0.09211238326
-3.12 -0.08446239747
-3.11 -0.07688623306
-3.1 -0.06938946502
-3.09 -0.06197747361
-3.08 -0.05465544477
-3.07 -0.04742837071
-3.06 -0.04030105054
-3.05 -0.03327809101
-3.04 -0.02636390738
-3.03 -0.01956272434
-3.02 -0.01287857712
-3.01 -0.006315312512
-3 0.0001234098041
-2.99 0.006434116029
-2.98 0.01261351684
-2.97 0.0186585059
-2.96 0.02456615839
-2.95 0.03033372932
-2.94 0.03595865187
-2.93 0.04143853566
-2.92 0.04677116492
-2.91 0.05195449659
-2.9 0.05698665838
-2.89 0.06186594681
-2.88 0.06659082509
-2.87 0.07115992105
-2.86 0.07557202494
-2.85 0.07982608725
-2.84 0.08392121644
-2.83 0.08785667661
-2.82 0.09163188518
-2.81 0.09524641046
-2.8 0.09869996927
-2.79 0.1019924244
-2.78 0.1051237823
-2.77 0.1080941901
-2.76 0.1109039336
-2.75 0.1135534344
-2.74 0.1160432471
-2.73 0.118374057
-2.72 0.1205466772
-2.71 0.1225620461
-2.7 0.1244212244
-2.69 0.1261253924
-2.68 0.1276758478
-2.67 0.1290740021
-2.66 0.1303213785
-2.65 0.1314196085
-2.64 0.1323704298
-2.63 0.1331756829
-2.62 0.1338373087
-2.61 0.1343573451
-2.6 0.1347379249
-2.59 0.1349812726
-2.58 0.1350897013
-2.57 0.1350656104
-2.56 0.1349114824
-2.55 0.1346298802
-2.54 0.1342234444
-2.53 0.1336948899
-2.52 0.133047004
-2.51 0.1322826428
-2.5 0.1314047286
-2.49 0.1304162476
-2.48 0.1293202462
-2.47 0.1281198292
-2.46 0.1268181561
-2.45 0.1254184393
-2.44 0.1239239406
-2.43 0.1223379687
-2.42 0.1206638769
-2.41 0.1189050598
-2.4 0.117064951
-2.39 0.1151470204
-2.38 0.1131547716
-2.37 0.111091739
-2.36 0.1089614858
-2.35 0.1067676009
-2.34 0.1045136964
-2.33 0.1022034057
-2.32 0.09984037993
-2.31 0.09742828661
-2.3 0.09497080645
-2.29 0.09247163123
-2.28 0.08993446139
-2.27 0.08736300361
-2.26 0.08476096854
-2.25 0.08213206846
-2.24 0.07948001505
-2.23 0.07680851707
-2.22 0.07412127825
-2.21 0.07142199502
-2.2 0.06871435442
-2.19 0.06600203193
-2.18 0.06328868945
-2.17 0.06057797319
-2.16 0.05787351167
-2.15 0.05517891374
-2.14 0.05249776663
-2.13 0.04983363403
-2.12 0.04719005418
-2.11 0.04457053807
-2.1 0.04197856759
-2.09 0.03941759376
-2.08 0.036891035
-2.07 0.03440227542
-2.06 0.03195466312
-2.05 0.02955150861
-2.04 0.02719608317
-2.03 0.0248916173
-2.02 0.02264129923
-2.01 0.02044827336
-2 0.01831563889
-1.99 0.01624644835
-1.98 0.01424370626
-1.97 0.01231036778
-1.96 0.01044933741
-1.95 0.00866346772
-1.94 0.006955558152
-1.93 0.005328353805
-1.92 0.003784544299
-1.91 0.002326762663
-1.9 0.0009575842626
-1.89 -0.000320474241
-1.88 -0.001504955883
-1.87 -0.002593464359
-1.86 -0.003583664947
-1.85 -0.004473285391
-1.84 -0.005260116751
-1.83 -0.005942014213
-1.82 -0.006516897862
-1.81 -0.006982753417
-1.8 -0.007337632931
-1.79 -0.007579655454
-1.78 -0.007707007657
-1.77 -0.00771794442
-1.76 -0.007610789388
-1.75 -0.007383935482
-1.74 -0.007035845383
-1.73 -0.006565051973
-1.72 -0.005970158746
-1.71 -0.005249840181
-1.7 -0.004402842076
-1.69 -0.003427981854
-1.68 -0.002324148831
-1.67 -0.001090304447
-1.66 0.0002745175342
-1.65 0.001771210859
-1.64 0.003400596655
-1.63 0.005163423329
-1.62 0.00706036651
-1.61 0.009092029009
-1.6 0.01125894083
-1.59 0.01356155918
-1.58 0.01600026858
-1.57 0.01857538091
-1.56 0.02128713558
-1.55 0.02413569965
-1.54 0.02712116805
-1.53 0.03024356379
-1.52 0.03350283823
-1.51 0.0368988713
-1.5 0.04043147188
-1.49 0.04410037811
-1.48 0.04790525773
-1.47 0.05184570851
-1.46 0.05592125868
-1.45 0.06013136733
-1.44 0.06447542493
-1.43 0.06895275383
-1.42 0.07356260876
-1.41 0.07830417741
-1.4 0.08317658102
-1.39 0.08817887494
-1.38 0.09331004931
-1.37 0.09856902969
-1.36 0.1039546777
-1.35 0.1094657919
-1.34 0.1151011081
-1.33 0.1208593007
-1.32 0.126738983
-1.31 0.1327387079
-1.3 0.1388569693
-1.29 0.1450922024
-1.28 0.1514427846
-1.27 0.1579070367
-1.26 0.1644832235
-1.25 0.1711695547
-1.24 0.177964186
-1.23 0.1848652198
-1.22 0.1918707066
-1.21 0.1989786453
-1.2 0.206186985
-1.19 0.2134936252
-1.18 0.2208964175
-1.17 0.2283931663
-1.16 0.2359816298
-1.15 0.2436595213
-1.14 0.2514245102
-1.13 0.2592742229
-1.12 0.2672062441
-1.11 0.2752181181
-1.1 0.2833073495
-1.09 0.2914714046
-1.08 0.2997077127
-1.07 0.3080136667
-1.06 0.3163866251
-1.05 0.3248239125
-1.04 0.3333228211
-1.03 0.3418806117
-1.02 0.3504945151
-1.01 0.3591617335
-1 0.3678794412
-0.99 0.3766447861
-0.98 0.3854548911
-0.97 0.394306855
-0.96 0.4031977542
-0.95 0.4121246434
-0.94 0.4210845573
-0.93 0.4300745116
-0.92 0.4390915044
-0.91 0.4481325173
-0.9 0.4571945169
-0.89 0.466274456
-0.88 0.4753692747
-0.87 0.4844759017
-0.86 0.4935912558
-0.85 0.502712247
-0.84 0.5118357778
-0.83 0.5209587445
-0.82 0.5300780382
-0.81 0.5391905465
-0.8 0.5482931546
-0.79 0.5573827464
-0.78 0.5664562059
-0.77 0.5755104184
-0.76 0.5845422719
-0.75 0.5935486581
-0.74 0.6025264739
-0.73 0.6114726223
-0.72 0.620384014
-0.71 0.6292575684
-0.7 0.638090215
-0.69 0.6468788942
-0.68 0.6556205591
-0.67 0.6643121763
-0.66 0.672950727
-0.65 0.6815332086
-0.64 0.6900566355
-0.63 0.6985180404
-0.62 0.7069144755
-0.61 0.7152430137
-0.6 0.7235007492
-0.59 0.7316847996
-0.58 0.739792306
-0.57 0.7478204348
-0.56 0.7557663786
-0.55 0.763627357
-0.54 0.7714006181
-0.53 0.7790834392
-0.52 0.786673128
-0.51 0.7941670238
-0.5 0.801562498
-0.49 0.8088569556
-0.48 0.8160478361
-0.47 0.8231326142
-0.46 0.830108801
-0.45 0.8369739448
-0.44 0.8437256323
-0.43 0.8503614891
-0.42 0.8568791808
-0.41 0.8632764141
-0.4 0.8695509371
-0.39 0.8757005408
-0.38 0.8817230595
-0.37 0.8876163716
-0.36 0.8933784006
-0.35 0.8990071159
-0.34 0.9045005333
-0.33 0.9098567159
-0.32 0.9150737748
-0.31 0.92014987
-0.3 0.9250832107
-0.29 0.9298720561
-0.28 0.9345147163
-0.27 0.9390095526
-0.26 0.9433549783
-0.25 0.9475494591
-0.24 0.9515915141
-0.23 0.9554797157
-0.22 0.9592126906
-0.21 0.9627891202
-0.2 0.9662077411
-0.19 0.9694673454
-0.18 0.9725667813
-0.17 0.9755049535
-0.16 0.9782808238
-0.15 0.980893411
-0.14 0.9833417916
-0.13 0.9856251003
-0.12 0.9877425297
-0.11 0.9896933315
-0.1 0.9914768158
-0.09 0.9930923521
-0.08 0.9945393692
-0.07 0.9958173554
-0.06 0.9969258588
-0.05 0.9978644874
-0.04 0.9986329093
-0.03 0.9992308528
-0.02 0.9996581064
-0.01 0.9999145191
-6.230779781e-14 1
0.01 0.9999145191
0.02 0.9996581064
0.03 0.9992308528
0.04 0.9986329093
0.05 0.9978644874
0.06 0.9969258588
0.07 0.9958173554
0.08 0.9945393692
0.09 0.9930923521
0.1 0.9914768158
0.11 0.9896933315
0.12 0.9877425297
0.13 0.9856251003
0.14 0.9833417916
0.15 0.980893411
0.16 0.9782808238
0.17 0.9755049535
0.18 0.9725667813
0.19 0.9694673454
0.2 0.9662077411
0.21 0.9627891202
0.22 0.9592126906
0.23 0.9554797157
0.24 0.9515915141
0.25 0.9475494591
0.26 0.9433549783
0.27 0.9390095526
0.28 0.9345147163
0.29 0.9298720561
0.3 0.9250832107
0.31 0.92014987
0.32 0.9150737748
0.33 0.9098567159
0.34 0.9045005333
0.35 0.8990071159
0.36 0.8933784006
0.37 0.8876163716
0.38 0.8817230595
0.39 0.8757005408
0.4 0.8695509371
0.41 0.8632764141
0.42 0.8568791808
0.43 0.8503614891
0.44 0.8437256323
0.45 0.8369739448
0.46 0.830108801
0.47 0.8231326142
0.48 0.8160478361
0.49 0.8088569556
0.5 0.801562498
0.51 0.7941670238
0.52 0.786673128
0.53 0.7790834392
0.54 0.7714006181
0.55 0.763627357
0.56 0.7557663786
0.57 0.7478204348
0.58 0.739792306
0.59 0.7316847996
0.6 0.7235007492
0.61 0.7152430137
0.62 0.7069144755
0.63 0.6985180404
0.64 0.6900566355
0.65 0.6815332086
0.66 0.672950727
0.67 0.6643121763
0.68 0.6556205591
0.69 0.6468788942
0.7 0.638090215
0.71 0.6292575684
0.72 0.620384014
0.73 0.6114726223
0.74 0.6025264739
0.75 0.5935486581
0.76 0.5845422719
0.77 0.5755104184
0.78 0.5664562059
0.79 0.5573827464
0.8 0.5482931546
0.81 0.5391905465
0.82 0.5300780382
0.83 0.5209587445
0.84 0.5118357778
0.85 0.502712247
0.86 0.4935912558
0.87 0.4844759017
0.88 0.4753692747
0.89 0.466274456
0.9 0.4571945169
0.91 0.4481325173
0.92 0.4390915044
0.93 0.4300745116
0.94 0.4210845573
0.95 0.4121246434
0.96 0.4031977542
0.97 0.394306855
0.98 0.3854548911
0.99 0.3766447861
1 0.3678794412
1.01 0.3591617335
1.02 0.3504945151
1.03 0.3418806117
1.04 0.3333228211
1.05 0.3248239125
1.06 0.3163866251
1.07 0.3080136667
1.08 0.2997077127
1.09 0.2914714046
1.1 0.2833073495
1.11 0.2752181181
1.12 0.2672062441
1.13 0.2592742229
1.14 0.2514245102
1.15 0.2436595213
1.16 0.2359816298
1.17 0.2283931663
1.18 0.2208964175
1.19 0.2134936252
1.2 0.206186985
1.21 0.1989786453
1.22 0.1918707066
1.23 0.1848652198
1.24 0.177964186
1.25 0.1711695547
1.26 0.1644832235
1.27 0.1579070367
1.28 0.1514427846
1.29 0.1450922024
1.3 0.1388569693
1.31 0.1327387079
1.32 0.126738983
1.33 0.1208593007
1.34 0.1151011081
1.35 0.1094657919
1.36 0.1039546777
1.37 0.09856902969
1.38 0.09331004931
1.39 0.08817887494
1.4 0.08317658102
1.41 0.07830417741
1.42 0.07356260876
1.43 0.06895275383
1.44 0.06447542493
1.45 0.06013136733
1.46 0.05592125868
1.47 0.05184570851
1.48 0.04790525773
1.49 0.04410037811
1.5 0.04043147188
1.51 0.0368988713
1.52 0.03350283823
1.53 0.03024356379
1.54 0.02712116805
1.55 0.02413569965
1.56 0.02128713558
1.57 0.01857538091
1.58 0.01600026858
1.59 0.01356155918
1.6 0.01125894083
1.61 0.009092029009
1.62 0.00706036651
1.63 0.005163423329
1.64 0.003400596655
1.65 0.001771210859
1.66 0.0002745175342
1.67 -0.001090304447
1.68 -0.002324148831
1.69 -0.003427981854
1.7 -0.004402842076
1.71 -0.005249840181
1.72 -0.005970158746
1.73 -0.006565051973
1.74 -0.007035845383
1.75 -0.007383935482
1.76 -0.007610789388
1.77 -0.00771794442
1.78 -0.007707007657
1.79 -0.007579655454
1.8 -0.007337632931
1.81 -0.006982753417
1.82 -0.006516897862
1.83 -0.005942014213
1.84 -0.005260116751
1.85 -0.004473285391
1.86 -0.003583664947
1.87 -0.002593464359
1.88 -0.001504955883
1.89 -0.000320474241
1.9 0.0009575842625
1.91 0.002326762663
1.92 0.003784544299
1.93 0.005328353805
1.94 0.006955558152
1.95 0.00866346772
1.96 0.01044933741
1.97 0.01231036778
1.98 0.01424370626
1.99 0.01624644835
2 0.01831563889
2.01 0.02044827336
2.02 0.02264129923
2.03 0.0248916173
2.04 0.02719608317
2.05 0.02955150861
2.06 0.03195466312
2.07 0.03440227542
2.08 0.036891035
2.09 0.03941759376
2.1 0.04197856759
2.11 0.04457053807
2.12 0.04719005418
2.13 0.04983363403
2.14 0.05249776663
2.15 0.05517891374
2.16 0.05787351167
2.17 0.06057797319
2.18 0.06328868945
2.19 0.06600203193
2.2 0.06871435442
2.21 0.07142199502
2.22 0.07412127825
2.23 0.07680851707
2.24 0.07948001505
2.25 0.08213206846
2.26 0.08476096854
2.27 0.08736300361
2.28 0.08993446139
2.29 0.09247163123
2.3 0.09497080645
2.31 0.09742828661
2.32 0.09984037993
2.33 0.1022034057
2.34 0.1045136964
2.35 0.1067676009
2.36 0.1089614858
2.37 0.111091739
2.38 0.1131547716
2.39 0.1151470204
2.4 0.117064951
2.41 0.1189050598
2.42 0.1206638769
2.43 0.1223379687
2.44 0.1239239406
2.45 0.1254184393
2.46 0.1268181561
2.47 0.1281198292
2.48 0.1293202462
2.49 0.1304162476
2.5 0.1314047286
2.51 0.1322826428
2.52 0.133047004
2.53 0.1336948899
2.54 0.1342234444
2.55 0.1346298802
2.56 0.1349114824
2.57 0.1350656104
2.58 0.1350897013
2.59 0.1349812726
2.6 0.1347379249
2.61 0.1343573451
2.62 0.1338373087
2.63 0.1331756829
2.64 0.1323704298
2.65 0.1314196085
2.66 0.1303213785
2.67 0.1290740021
2.68 0.1276758478
2.69 0.1261253924
2.7 0.1244212244
2.71 0.1225620461
2.72 0.1205466772
2.73 0.118374057
2.74 0.1160432471
2.75 0.1135534344
2.76 0.1109039336
2.77 0.1080941901
2.78 0.1051237823
2.79 0.1019924244
2.8 0.09869996927
2.81 0.09524641046
2.82 0.09163188518
2.83 0.08785667661
2.84 0.08392121644
2.85 0.07982608725
2.86 0.07557202494
2.87 0.07115992105
2.88 0.06659082509
2.89 0.06186594681
2.9 0.05698665838
2.91 0.05195449659
2.92 0.04677116492
2.93 0.04143853566
2.94 0.03595865187
2.95 0.03033372932
2.96 0.02456615839
2.97 0.0186585059
2.98 0.01261351684
2.99 0.006434116029
3 0.0001234098041
3.01 -0.006315312512
3.02 -0.01287857712
3.03 -0.01956272434
3.04 -0.02636390738
3.05 -0.03327809101
3.06 -0.04030105054
3.07 -0.04742837071
3.08 -0.05465544477
3.09 -0.06197747361
3.1 -0.06938946502
3.11 -0.07688623306
3.12 -0.08446239747
3.13 -0.09211238326
3.14 -0.09983042035
3.15 -0.1076105434
3.16 -0.1154465917
3.17 -0.1233322092
3.18 -0.1312608446
3.19 -0.1392257516
3.2 -0.1472199895
3.21 -0.1552364235
3.22 -0.1632677257
3.23 -0.1713063754
3.24 -0.1793446605
3.25 -0.1873746785
3.26 -0.1953883377
3.27 -0.2033773585
3.28 -0.2113332754
3.29 -0.2192474382
3.3 -0.2271110143
3.31 -0.2349149905
3.32 -0.2426501755
3.33 -0.2503072021
3.34 -0.2578765299
3.35 -0.2653484483
3.36 -0.2727130791
3.37 -0.2799603798
3.38 -0.2870801473
3.39 -0.2940620209
3.4 -0.3008954868
3.41 -0.3075698813
3.42 -0.3140743959
3.43 -0.3203980808
3.44 -0.3265298503
3.45 -0.3324584875
3.46 -0.3381726492
3.47 -0.3436608713
3.48 -0.348911575
3.49 -0.3539130717
3.5 -0.3586535698
3.51 -0.363121181
3.52 -0.3673039267
3.53 -0.3711897449
3.54 -0.3747664978
3.55 -0.3780219786
3.56 -0.3809439199
3.57 -0.3835200012
3.58 -0.3857378577
3.59 -0.3875850883
3.6 -0.3890492653
3.61 -0.390117943
3.62 -0.3907786675
3.63 -0.3910189866
3.64 -0.3908264601
3.65 -0.39018867
3.66 -0.3890932318
3.67 -0.3875278054
3.68 -0.3854801067
3.69 -0.3829379199
3.7 -0.3798891092
3.71 -0.3763216319
3.72 -0.3722235514
3.73 -0.3675830504
3.74 -0.3623884449
3.75 -0.3566281982
3.76 -0.3502909358
3.77 -0.34336546
3.78 -0.3358407659
3.79 -0.3277060565
3.8 -0.3189507597
3.81 -0.3095645443
3.82 -0.2995373377
3.83 -0.2888593434
3.84 -0.2775210585
3.85 -0.265513293
3.86 -0.2528271881
3.87 -0.2394542361
3.88 -0.2253863001
3.89 -0.2106156344
3.9 -0.1951349054
3.91 -0.1789372132
3.92 -0.1620161134
3.93 -0.1443656394
3.94 -0.1259803256
3.95 -0.1068552309
3.96 -0.08698596252
3.97 -0.06636870082
3.98 -0.04500022436
3.99 -0.02287793566
4 1.125349341e-07
4.01 0.02363519036
4.02 0.04802786337
4.03 0.07317796448
4.04 0.09908456526
4.05 0.1257459467
4.06 0.1531595692
4.07 0.1813220422
4.08 0.2102290928
4.09 0.239875534
4.1 0.2702552322
4.11 0.3013610741
4.12 0.3331849329
4.13 0.3657176334
4.14 0.3989489174
4.15 0.4328674072
4.16 0.4674605692
4.17 0.5027146768
4.18 0.5386147719
4.19 0.575144626
4.2 0.6122867012
4.21 0.6500221093
4.22 0.6883305709
4.23 0.7271903735
4.24 0.7665783288
4.25 0.8064697292
4.26 0.8468383035
4.27 0.8876561718
4.28 0.9288937995
4.29 0.9705199507
4.3 1.01250164
4.31 1.054804085
4.32 1.097390656
4.33 1.140222826
4.34 1.18326012
4.35 1.226460062
4.36 1.269778123
4.37 1.313167666
4.38 1.356579892
4.39 1.399963786
4.4 1.443266055
4.41 1.486431076
4.42 1.529400833
4.43 1.572114861
4.44 1.614510182
4.45 1.656521245
4.46 1.698079864
4.47 1.739115152
4.48 1.779553456
4.49 1.819318295
4.5 1.858330288
4.51 1.89650709
4.52 1.93376332
4.53 1.970010492
4.54 2.005156942
4.55 2.039107758
4.56 2.071764705
4.57 2.103026149
4.58 2.132786982
4.59 2.160938544
4.6 2.187368547
4.61 2.211960992
4.62 2.234596088
4.63 2.255150174
4.64 2.27349563
4.65 2.289500797
4.66 2.303029887
4.67 2.313942899
4.68 2.322095528
4.69 2.327339077
4.7 2.329520364
4.71 2.328481628
4.72 2.324060441
4.73 2.316089604
4.74 2.304397057
4.75 2.288805778
4.76 2.269133683
4.77 2.245193526
4.78 2.216792794
4.79 2.183733607
4.8 2.145812608
4.81 2.10282086
4.82 2.054543734
4.83 2.0007608
4.84 1.941245716
4.85 1.875766113
4.86 1.804083483
4.87 1.725953059
4.88 1.6411237
4.89 1.549337769
4.9 1.450331013
4.91 1.343832439
4.92 1.22956419
4.93 1.107241417
4.94 0.9765721533
4.95 0.837257183
4.96 0.6889899092
4.97 0.5314562212
4.98 0.3643343588
4.99 0.1872947757
5 1.628204319e-11


-5 1.388794386e-11
-4.99 0.2618314881
-4.98 0.4997777472
-4.97 0.7152105592
-4.96 0.9094424006
-4.95 1.083728483
-4.94 1.239268737
-4.93 1.377209737
-4.92 1.498646578
-4.91 1.604624695
-4.9 1.696141625
-4.89 1.774148732
-4.88 1.83955287
-4.87 1.893218002
-4.86 1.935966772
-4.85 1.968582033
-4.84 1.991808324
-4.83 2.006353307
-4.82 2.012889165
-4.81 2.012053947
-4.8 2.004452883
-4.79 1.990659655
-4.78 1.971217626
-4.77 1.946641038
-4.76 1.917416167
-4.75 1.884002442
-4.74 1.846833536
-4.73 1.806318413
-4.72 1.762842347
-4.71 1.716767911
-4.7 1.668435923
-4.69 1.618166379
-4.68 1.566259337
-4.67 1.512995785
-4.66 1.458638473
-4.65 1.403432722
-4.64 1.347607203
-4.63 1.29137469
-4.62 1.234932789
-4.61 1.178464637
-4.6 1.122139585
-4.59 1.06611385
-4.58 1.010531146
-4.57 0.9555232939
-4.56 0.9012108109
-4.55 0.8477034735
-4.54 0.7951008648
-4.53 0.7434928997
-4.52 0.6929603313
-4.51 0.643575238
-4.5 0.5954014923
-4.49 0.548495212
-4.48 0.5029051938
-4.47 0.4586733305
-4.46 0.4158350111
-4.45 0.3744195064
-4.44 0.3344503378
-4.43 0.2959456317
-4.42 0.2589184602
-4.41 0.2233771667
-4.4 0.1893256784
-4.39 0.1567638057
-4.38 0.1256875286
-4.37 0.09608927112
-4.36 0.06795816312
-4.35 0.04128029119
-4.34 0.01603893793
-4.33 -0.00778518956
-4.32 -0.03021374163
-4.31 -0.05127051828
-4.3 -0.0709812711
-4.29 -0.08937351483
-4.28 -0.106476348
-4.27 -0.1223202824
-4.26 -0.1369370813
-4.25 -0.1503596059
-4.24 -0.1626216696
-4.23 -0.1737579
-4.22 -0.1838036086
-4.21 -0.1927946674
-4.2 -0.2007673924
-4.19 -0.2077584342
-4.18 -0.213804674
-4.17 -0.2189431273
-4.16 -0.2232108519
-4.15 -0.2266448627
-4.14 -0.2292820518
-4.13 -0.2311591136
-4.12 -0.232312475
-4.11 -0.232778231
-4.1 -0.2325920843
-4.09 -0.2317892894
-4.08 -0.2304046021
-4.07 -0.2284722314
-4.06 -0.2260257965
-4.05 -0.2230982876
-4.04 -0.2197220297
-4.03 -0.2159286503
-4.02 -0.21174905
-4.01 -0.2072133769
-4 -0.2023510033
-3.99 -0.1971905058
-3.98 -0.1917596475
-3.97 -0.1860853636
-3.96 -0.1801937488
-3.95 -0.1741100474
-3.94 -0.1678586453
-3.93 -0.1614630645
-3.92 -0.1549459592
-3.91 -0.1483291141
-3.9 -0.1416334443
-3.89 -0.1348789969
-3.88 -0.1280849541
-3.87 -0.121269638
-3.86 -0.1144505166
-3.85 -0.1076442111
-3.84 -0.1008665045
-3.83 -0.09413235148
-3.82 -0.08745588887
-3.81 -0.08085044758
-3.8 -0.07432856519
-3.79 -0.06790199944
-3.78 -0.0615817425
-3.77 -0.0553780359
-3.76 -0.04930038612
-3.75 -0.04335758079
-3.74 -0.0375577054
-3.73 -0.0319081604
-3.72 -0.02641567886
-3.71 -0.02108634437
-3.7 -0.01592560932
-3.69 -0.01093831341
-3.68 -0.006128702428
-3.67 -0.001500447175
-3.66 0.002943337447
-3.65 0.007200073255
-3.64 0.01126769953
-3.63 0.01514465374
-3.62 0.01882985224
-3.61 0.02232267104
-3.6 0.02562292659
-3.59 0.02873085672
-3.58 0.03164710161
-3.57 0.03437268496
-3.56 0.03690899537
-3.55 0.03925776774
-3.54 0.0414210651
-3.53 0.04340126051
-3.52 0.04520101923
-3.51 0.04682328123
-3.5 0.0482712439
-3.49 0.04954834509
-3.48 0.05065824646
-3.47 0.05160481713
-3.46 0.05239211766
-3.45 0.05302438445
-3.44 0.05350601436
-3.43 0.05384154981
-3.42 0.05403566418
-3.41 0.05409314762
-3.4 0.05401889322
-3.39 0.05381788361
-3.38 0.05349517787
-3.37 0.05305589893
-3.36 0.05250522131
-3.35 0.05184835927
-3.34 0.05109055539
-3.33 0.05023706953
-3.32 0.04929316819
-3.31 0.0482641143
-3.3 0.04715515739
-3.29 0.04597152419
-3.28 0.04471840958
-3.27 0.04340096803
-3.26 0.04202430534
-3.25 0.04059347083
-3.24 0.03911344991
-3.23 0.03758915704
-3.22 0.03602542905
-3.21 0.0344270189
-3.2 0.03279858972
-3.19 0.0311447093
-3.18 0.02946984491
-3.17 0.02777835849
-3.16 0.02607450217
-3.15 0.02436241416
-3.14 0.02264611495
-3.13 0.02092950392
-3.12 0.01921635614
-3.11 0.01751031964
-3.1 0.01581491288
-3.09 0.01413352259
-3.08 0.01246940186
-3.07 0.01082566858
-3.06 0.009205304098
-3.05 0.007611152216
-3.04 0.00604591839
-3.03 0.00451216924
-3.02 0.003012332294
-3.01 0.00154869597
-3 0.0001234098041
-2.99 -0.001261515096
-2.98 -0.00260420538
-2.97 -0.00390292457
-2.96 -0.005156071969
-2.95 -0.006362181378
-2.94 -0.007519919617
-2.93 -0.008628084877
-2.92 -0.009685604885
-2.91 -0.01069153492
-2.9 -0.01164505566
-2.89 -0.01254547088
-2.88 -0.01339220503
-2.87 -0.01418480063
-2.86 -0.01492291561
-2.85 -0.01560632046
-2.84 -0.01623489532
-2.83 -0.01680862693
-2.82 -0.01732760551
-2.81 -0.01779202154
-2.8 -0.01820216248
-2.79 -0.01855840932
-2.78 -0.01886123323
-2.77 -0.01911119195
-2.76 -0.01930892631
-2.75 -0.01945515657
-2.74 -0.01955067877
-2.73 -0.01959636102
-2.72 -0.01959313981
-2.71 -0.01954201623
-2.7 -0.01944405221
-2.69 -0.01930036674
-2.68 -0.01911213206
-2.67 -0.0188805699
-2.66 -0.01860694767
-2.65 -0.01829257466
-2.64 -0.0179387983
-2.63 -0.01754700042
-2.62 -0.01711859346
-2.61 -0.01665501682
-2.6 -0.01615773319
-2.59 -0.01562822487
-2.58 -0.01506799021
-2.57 -0.01447854007
-2.56 -0.01386139427
-2.55 -0.01321807817
-2.54 -0.01255011925
-2.53 -0.01185904381
-2.52 -0.01114637363
-2.51 -0.0104136228
-2.5 -0.009662294552
-2.49 -0.008893878179
-2.48 -0.008109846048
-2.47 -0.007311650654
-2.46 -0.00650072177
-2.45 -0.005678463677
-2.44 -0.004846252471
-2.43 -0.004005433457
-2.42 -0.00315731863
-2.41 -0.002303184235
-2.4 -0.001444268432
-2.39 -0.0005817690308
-2.38 0.0002831586611
-2.37 0.001149403914
-2.36 0.002015902549
-2.35 0.002881638819
-2.34 0.003745647193
-2.33 0.004607014042
-2.32 0.005464879234
-2.31 0.006318437623
-2.3 0.007166940446
-2.29 0.008009696622
-2.28 0.008846073947
-2.27 0.009675500198
-2.26 0.01049746413
-2.25 0.0113115164
-2.24 0.01211727033
-2.23 0.01291440266
-2.22 0.01370265414
-2.21 0.01448183006
-2.2 0.01525180064
-2.19 0.01601250138
-2.18 0.01676393329
-2.17 0.01750616301
-2.16 0.01823932287
-2.15 0.01896361084
-2.14 0.0196792904
-2.13 0.02038669029
-2.12 0.02108620422
-2.11 0.02177829048
-2.1 0.02246347141
-2.09 0.0231423329
-2.08 0.02381552368
-2.07 0.02448375461
-2.06 0.02514779789
-2.05 0.02580848615
-2.04 0.0264667115
-2.03 0.02712342451
-2.02 0.02777963308
-2.01 0.02843640127
-2 0.02909484807
-1.99 0.02975614609
-1.98 0.0304215202
-1.97 0.03109224604
-1.96 0.03176964861
-1.95 0.03245510067
-1.94 0.03315002113
-1.93 0.03385587341
-1.92 0.03457416374
-1.91 0.03530643938
-1.9 0.03605428682
-1.89 0.03681932996
-1.88 0.03760322816
-1.87 0.03840767437
-1.86 0.03923439315
-1.85 0.04008513863
-1.84 0.04096169251
-1.83 0.04186586199
-1.82 0.04279947768
-1.81 0.04376439145
-1.8 0.04476247434
-1.79 0.04579561433
-1.78 0.04686571422
-1.77 0.04797468937
-1.76 0.04912446556
-1.75 0.05031697668
-1.74 0.05155416255
-1.73 0.05283796666
-1.72 0.05417033391
-1.71 0.05555320838
-1.7 0.05698853106
-1.69 0.05847823759
-1.68 0.06002425603
-1.67 0.06162850461
-1.66 0.0632928895
-1.65 0.06501930255
-1.64 0.06680961912
-1.63 0.06866569586
-1.62 0.07058936852
-1.61 0.0725824498
-1.6 0.07464672717
-1.59 0.07678396077
-1.58 0.07899588132
-1.57 0.081284188
-1.56 0.08365054643
-1.55 0.08609658664
-1.54 0.0886239011
-1.53 0.09123404271
-1.52 0.09392852292
-1.51 0.09670880984
-1.5 0.09957632634
-1.49 0.1025324483
-1.48 0.1055785028
-1.47 0.1087157664
-1.46 0.1119454635
-1.45 0.1152687644
-1.44 0.1186867842
-1.43 0.1222005809
-1.42 0.125811154
-1.41 0.1295194429
-1.4 0.1333263258
-1.39 0.137232618
-1.38 0.1412390709
-1.37 0.1453463704
-1.36 0.1495551362
-1.35 0.1538659201
-1.34 0.1582792053
-1.33 0.1627954053
-1.32 0.1674148629
-1.31 0.1721378492
-1.3 0.1769645627
-1.29 0.181895129
-1.28 0.1869295993
-1.27 0.1920679503
-1.26 0.1973100835
-1.25 0.2026558243
-1.24 0.208104922
-1.23 0.2136570489
-1.22 0.2193118003
-1.21 0.2250686941
-1.2 0.2309271704
-1.19 0.2368865915
-1.18 0.2429462415
-1.17 0.2491053267
-1.16 0.2553629754
-1.15 0.2617182375
-1.14 0.2681700855
-1.13 0.2747174141
-1.12 0.2813590404
-1.11 0.2880937047
-1.1 0.2949200703
-1.09 0.3018367243
-1.08 0.3088421782
-1.07 0.3159348679
-1.06 0.323113155
-1.05 0.3303753269
-1.04 0.337719598
-1.03 0.3451441099
-1.02 0.3526469331
-1.01 0.3602260669
-1 0.3678794412
-0.99 0.3756049169
-0.98 0.3834002876
-0.97 0.3912632799
-0.96 0.3991915553
-0.95 0.4071827109
-0.94 0.4152342813
-0.93 0.4233437389
-0.92 0.4315084965
-0.91 0.4397259076
-0.9 0.4479932687
-0.89 0.4563078202
-0.88 0.4646667482
-0.87 0.4730671862
-0.86 0.4815062167
-0.85 0.4899808724
-0.84 0.4984881388
-0.83 0.5070249549
-0.82 0.5155882158
-0.81 0.5241747743
-0.8 0.5327814426
-0.79 0.5414049941
-0.78 0.5500421656
-0.77 0.5586896592
-0.76 0.567344144
-0.75 0.5760022584
-0.74 0.5846606121
-0.73 0.5933157877
-0.72 0.6019643435
-0.71 0.610602815
-0.7 0.6192277172
-0.69 0.6278355468
-0.68 0.6364227842
-0.67 0.6449858958
-0.66 0.6535213361
-0.65 0.6620255499
-0.64 0.6704949743
-0.63 0.6789260413
-0.62 0.6873151795
-0.61 0.695658817
-0.6 0.7039533827
-0.59 0.7121953094
-0.58 0.7203810356
-0.57 0.7285070074
-0.56 0.7365696815
-0.55 0.7445655268
-0.54 0.7524910268
-0.53 0.7603426818
-0.52 0.7681170111
-0.51 0.7758105551
-0.5 0.7834198776
-0.49 0.7909415678
-0.48 0.7983722427
-0.47 0.8057085488
-0.46 0.8129471649
-0.45 0.8200848033
-0.44 0.8271182127
-0.43 0.8340441796
-0.42 0.8408595308
-0.41 0.8475611352
-0.4 0.8541459058
-0.39 0.8606108016
-0.38 0.8669528295
-0.37 0.8731690465
-0.36 0.8792565612
-0.35 0.8852125357
-0.34 0.8910341875
-0.33 0.8967187914
-0.32 0.9022636807
-0.31 0.9076662496
-0.3 0.9129239543
-0.29 0.9180343148
-0.28 0.9229949166
-0.27 0.927803412
-0.26 0.9324575218
-0.25 0.9369550367
-0.24 0.9412938185
-0.23 0.9454718017
-0.22 0.9494869948
-0.21 0.9533374814
-0.2 0.9570214216
-0.19 0.9605370531
-0.18 0.9638826923
-0.17 0.9670567352
-0.16 0.9700576589
-0.15 0.972884022
-0.14 0.9755344661
-0.13 0.9780077161
-0.12 0.9803025813
-0.11 0.9824179562
-0.1 0.9843528212
-0.09 0.986106243
-0.08 0.9876773755
-0.07 0.9890654601
-0.06 0.9902698264
-0.05 0.9912898926
-0.04 0.9921251656
-0.03 0.9927752417
-0.02 0.9932398064
-0.01 0.9935186351
-6.230779781e-14 0.993611593
0.01 0.9935186351
0.02 0.9932398064
0.03 0.9927752417
0.04 0.9921251656
0.05 0.9912898926
0.06 0.9902698264
0.07 0.9890654601
0.08 0.9876773755
0.09 0.986106243
0.1 0.9843528212
0.11 0.9824179562
0.12 0.9803025813
0.13 0.9780077161
0.14 0.9755344661
0.15 0.972884022
0.16 0.9700576589
0.17 0.9670567352
0.18 0.9638826923
0.19 0.9605370531
0.2 0.9570214216
0.21 0.9533374814
0.22 0.9494869948
0.23 0.9454718017
0.24 0.9412938185
0.25 0.9369550367
0.26 0.9324575218
0.27 0.927803412
0.28 0.9229949166
0.29 0.9180343148
0.3 0.9129239543
0.31 0.9076662496
0.32 0.9022636807
0.33 0.8967187914
0.34 0.8910341875
0.35 0.8852125357
0.36 0.8792565612
0.37 0.8731690465
0.38 0.8669528295
0.39 0.8606108016
0.4 0.8541459058
0.41 0.8475611352
0.42 0.8408595308
0.43 0.8340441796
0.44 0.8271182127
0.45 0.8200848033
0.46 0.8129471649
0.47 0.8057085488
0.48 0.7983722427
0.49 0.7909415678
0.5 0.7834198776
0.51 0.7758105551
0.52 0.7681170111
0.53 0.7603426818
0.54 0.7524910268
0.55 0.7445655268
0.56 0.7365696815
0.57 0.7285070074
0.58 0.7203810356
0.59 0.7121953094
0.6 0.7039533827
0.61 0.695658817
0.62 0.6873151795
0.63 0.6789260413
0.64 0.6704949743
0.65 0.6620255499
0.66 0.6535213361
0.67 0.6449858958
0.68 0.6364227842
0.69 0.6278355468
0.7 0.6192277172
0.71 0.610602815
0.72 0.6019643435
0.73 0.5933157877
0.74 0.5846606121
0.75 0.5760022584
0.76 0.567344144
0.77 0.5586896592
0.78 0.5500421656
0.79 0.5414049941
0.8 0.5327814426
0.81 0.5241747743
0.82 0.5155882158
0.83 0.5070249549
0.84 0.4984881388
0.85 0.4899808724
0.86 0.4815062167
0.87 0.4730671862
0.88 0.4646667482
0.89 0.4563078202
0.9 0.4479932687
0.91 0.4397259076
0.92 0.4315084965
0.93 0.4233437389
0.94 0.4152342813
0.95 0.4071827109
0.96 0.3991915553
0.97 0.3912632799
0.98 0.3834002876
0.99 0.3756049169
1 0.3678794412
1.01 0.3602260669
1.02 0.3526469331
1.03 0.3451441099
1.04 0.337719598
1.05 0.3303753269
1.06 0.323113155
1.07 0.3159348679
1.08 0.3088421782
1.09 0.3018367243
1.1 0.2949200703
1.11 0.2880937047
1.12 0.2813590404
1.13 0.2747174141
1.14 0.2681700855
1.15 0.2617182375
1.16 0.2553629754
1.17 0.2491053267
1.18 0.2429462415
1.19 0.2368865915
1.2 0.2309271704
1.21 0.2250686941
1.22 0.2193118003
1.23 0.2136570489
1.24 0.208104922
1.25 0.2026558243
1.26 0.1973100835
1.27 0.1920679503
1.28 0.1869295993
1.29 0.181895129
1.3 0.1769645627
1.31 0.1721378492
1.32 0.1674148629
1.33 0.1627954053
1.34 0.1582792053
1.35 0.1538659201
1.36 0.1495551362
1.37 0.1453463704
1.38 0.1412390709
1.39 0.137232618
1.4 0.1333263258
1.41 0.1295194429
1.42 0.125811154
1.43 0.1222005809
1.44 0.1186867842
1.45 0.1152687644
1.46 0.1119454635
1.47 0.1087157664
1.48 0.1055785028
1.49 0.1025324483
1.5 0.09957632634
1.51 0.09670880984
1.52 0.09392852292
1.53 0.09123404271
1.54 0.0886239011
1.55 0.08609658664
1.56 0.08365054643
1.57 0.081284188
1.58 0.07899588132
1.59 0.07678396077
1.6 0.07464672717
1.61 0.0725824498
1.62 0.07058936852
1.63 0.06866569586
1.64 0.06680961912
1.65 0.06501930255
1.66 0.0632928895
1.67 0.06162850461
1.68 0.06002425603
1.69 0.05847823759
1.7 0.05698853106
1.71 0.05555320838
1.72 0.05417033391
1.73 0.05283796666
1.74 0.05155416255
1.75 0.05031697668
1.76 0.04912446556
1.77 0.04797468937
1.78 0.04686571422
1.79 0.04579561433
1.8 0.04476247434
1.81 0.04376439145
1.82 0.04279947768
1.83 0.04186586199
1.84 0.04096169251
1.85 0.04008513863
1.86 0.03923439315
1.87 0.03840767437
1.88 0.03760322816
1.89 0.03681932996
1.9 0.03605428682
1.91 0.03530643938
1.92 0.03457416374
1.93 0.03385587341
1.94 0.03315002113
1.95 0.03245510067
1.96 0.03176964861
1.97 0.03109224604
1.98 0.0304215202
1.99 0.02975614609
2 0.02909484807
2.01 0.02843640127
2.02 0.02777963308
2.03 0.02712342451
2.04 0.0264667115
2.05 0.02580848615
2.06 0.02514779789
2.07 0.02448375461
2.08 0.02381552368
2.09 0.0231423329
2.1 0.02246347141
2.11 0.02177829048
2.12 0.02108620422
2.13 0.02038669029
2.14 0.0196792904
2.15 0.01896361084
2.16 0.01823932287
2.17 0.01750616301
2.18 0.01676393329
2.19 0.01601250138
2.2 0.01525180064
2.21 0.01448183006
2.22 0.01370265414
2.23 0.01291440266
2.24 0.01211727033
2.25 0.0113115164
2.26 0.01049746413
2.27 0.009675500198
2.28 0.008846073947
2.29 0.008009696622
2.3 0.007166940446
2.31 0.006318437623
2.32 0.005464879234
2.33 0.004607014042
2.34 0.003745647193
2.35 0.002881638819
2.36 0.002015902549
2.37 0.001149403914
2.38 0.0002831586611
2.39 -0.0005817690307
2.4 -0.001444268432
2.41 -0.002303184235
2.42 -0.00315731863
2.43 -0.004005433457
2.44 -0.004846252471
2.45 -0.005678463677
2.46 -0.00650072177
2.47 -0.007311650654
2.48 -0.008109846048
2.49 -0.008893878179
2.5 -0.009662294552
2.51 -0.0104136228
2.52 -0.01114637363
2.53 -0.01185904381
2.54 -0.01255011925
2.55 -0.01321807817
2.56 -0.01386139427
2.57 -0.01447854007
2.58 -0.01506799021
2.59 -0.01562822487
2.6 -0.01615773319
2.61 -0.01665501682
2.62 -0.01711859346
2.63 -0.01754700042
2.64 -0.0179387983
2.65 -0.01829257466
2.66 -0.01860694767
2.67 -0.0188805699
2.68 -0.01911213206
2.69 -0.01930036674
2.7 -0.01944405221
2.71 -0.01954201623
2.72 -0.01959313981
2.73 -0.01959636102
2.74 -0.01955067877
2.75 -0.01945515657
2.76 -0.01930892631
2.77 -0.01911119195
2.78 -0.01886123323
2.79 -0.01855840932
2.8 -0.01820216248
2.81 -0.01779202154
2.82 -0.01732760551
2.83 -0.01680862693
2.84 -0.01623489532
2.85 -0.01560632046
2.86 -0.01492291561
2.87 -0.01418480063
2.88 -0.01339220503
2.89 -0.01254547088
2.9 -0.01164505566
2.91 -0.01069153492
2.92 -0.009685604885
2.93 -0.008628084877
2.94 -0.007519919617
2.95 -0.006362181378
2.96 -0.005156071969
2.97 -0.00390292457
2.98 -0.00260420538
2.99 -0.001261515096
3 0.0001234098041
3.01 0.00154869597
3.02 0.003012332294
3.03 0.00451216924
3.04 0.00604591839
3.05 0.007611152216
3.06 0.009205304098
3.07 0.01082566858
3.08 0.01246940186
3.09 0.01413352259
3.1 0.01581491288
3.11 0.01751031964
3.12 0.01921635614
3.13 0.02092950392
3.14 0.02264611495
3.15 0.02436241416
3.16 0.02607450217
3.17 0.02777835849
3.18 0.02946984491
3.19 0.0311447093
3.2 0.03279858972
3.21 0.0344270189
3.22 0.03602542905
3.23 0.03758915704
3.24 0.03911344991
3.25 0.04059347083
3.26 0.04202430534
3.27 0.04340096803
3.28 0.04471840958
3.29 0.04597152419
3.3 0.04715515739
3.31 0.0482641143
3.32 0.04929316819
3.33 0.05023706953
3.34 0.05109055539
3.35 0.05184835927
3.36 0.05250522131
3.37 0.05305589893
3.38 0.05349517787
3.39 0.05381788361
3.4 0.05401889322
3.41 0.05409314762
3.42 0.05403566418
3.43 0.05384154981
3.44 0.05350601436
3.45 0.05302438445
3.46 0.05239211766
3.47 0.05160481713
3.48 0.05065824646
3.49 0.04954834509
3.5 0.0482712439
3.51 0.04682328123
3.52 0.04520101923
3.53 0.04340126051
3.54 0.0414210651
3.55 0.03925776774
3.56 0.03690899537
3.57 0.03437268496
3.58 0.03164710161
3.59 0.02873085672
3.6 0.02562292659
3.61 0.02232267104
3.62 0.01882985224
3.63 0.01514465374
3.64 0.01126769953
3.65 0.007200073255
3.66 0.002943337447
3.67 -0.001500447175
3.68 -0.006128702428
3.69 -0.01093831341
3.7 -0.01592560932
3.71 -0.02108634437
3.72 -0.02641567886
3.73 -0.0319081604
3.74 -0.0375577054
3.75 -0.04335758079
3.76 -0.04930038612
3.77 -0.0553780359
3.78 -0.0615817425
3.79 -0.06790199944
3.8 -0.07432856519
3.81 -0.08085044758
3.82 -0.08745588887
3.83 -0.09413235148
3.84 -0.1008665045
3.85 -0.1076442111
3.86 -0.1144505166
3.87 -0.121269638
3.88 -0.1280849541
3.89 -0.1348789969
3.9 -0.1416334443
3.91 -0.1483291141
3.92 -0.1549459592
3.93 -0.1614630645
3.94 -0.1678586453
3.95 -0.1741100474
3.96 -0.1801937488
3.97 -0.1860853636
3.98 -0.1917596475
3.99 -0.1971905058
4 -0.2023510033
4.01 -0.2072133769
4.02 -0.21174905
4.03 -0.2159286503
4.04 -0.2197220297
4.05 -0.2230982876
4.06 -0.2260257965
4.07 -0.2284722314
4.08 -0.2304046021
4.09 -0.2317892894
4.1 -0.2325920843
4.11 -0.232778231
4.12 -0.232312475
4.13 -0.2311591136
4.14 -0.2292820518
4.15 -0.2266448627
4.16 -0.2232108519
4.17 -0.2189431273
4.18 -0.213804674
4.19 -0.2077584342
4.2 -0.2007673924
4.21 -0.1927946674
4.22 -0.1838036086
4.23 -0.1737579
4.24 -0.1626216696
4.25 -0.1503596059
4.26 -0.1369370813
4.27 -0.1223202824
4.28 -0.106476348
4.29 -0.08937351483
4.3 -0.0709812711
4.31 -0.05127051828
4.32 -0.03021374163
4.33 -0.00778518956
4.34 0.01603893793
4.35 0.04128029119
4.36 0.06795816312
4.37 0.09608927112
4.38 0.1256875286
4.39 0.1567638057
4.4 0.1893256784
4.41 0.2233771667
4.42 0.2589184602
4.43 0.2959456317
4.44 0.3344503378
4.45 0.3744195064
4.46 0.4158350111
4.47 0.4586733305
4.48 0.5029051938
4.49 0.548495212
4.5 0.5954014923
4.51 0.643575238
4.52 0.6929603313
4.53 0.7434928997
4.54 0.7951008648
4.55 0.8477034735
4.56 0.9012108109
4.57 0.9555232939
4.58 1.010531146
4.59 1.06611385
4.6 1.122139585
4.61 1.178464637
4.62 1.234932789
4.63 1.29137469
4.64 1.347607203
4.65 1.403432722
4.66 1.458638473
4.67 1.512995785
4.68 1.566259337
4.69 1.618166379
4.7 1.668435923
4.71 1.716767911
4.72 1.762842347
4.73 1.806318413
4.74 1.846833536
4.75 1.884002442
4.76 1.917416167
4.77 1.946641038
4.78 1.971217626
4.79 1.990659655
4.8 2.004452883
4.81 2.012053947
4.82 2.012889165
4.83 2.006353307
4.84 1.991808324
4.85 1.968582033
4.86 1.935966772
4.87 1.893218002
4.88 1.83955287
4.89 1.774148732
4.9 1.696141625
4.91 1.604624695
4.92 1.498646578
4.93 1.377209737
4.94 1.239268737
4.95 1.083728483
4.96 0.9094424007
4.97 0.7152105593
4.98 0.4997777472
4.99 0.2618314881
5 1.729806272e-11


-5 1.388794386e-11
-4.99 -1.302346446
-4.98 -2.424577635
-4.97 -3.383077408
-4.96 -4.193055996
-4.95 -4.868620247
-4.94 -5.422840238
-4.93 -5.867812457
-4.92 -6.214719682
-4.91 -6.473887737
-4.9 -6.65483923
-4.89 -6.766344451
-4.88 -6.816469522
-4.87 -6.81262196
-4.86 -6.761593744
-4.85 -6.669602031
-4.84 -6.5423276
-4.83 -6.38495117
-4.82 -6.202187651
-4.81 -5.998318468
-4.8 -5.77722202
-4.79 -5.542402387
-4.78 -5.297016348
-4.77 -5.043898824
-4.76 -4.785586793
-4.75 -4.524341776
-4.74 -4.262170955
-4.73 -4.000846999
-4.72 -3.741926655
-4.71 -3.486768181
-4.7 -3.236547674
-4.69 -2.992274344
-4.68 -2.754804807
-4.67 -2.524856433
-4.66 -2.303019811
-4.65 -2.089770375
-4.64 -1.885479233
-4.63 -1.690423248
-4.62 -1.504794421
-4.61 -1.328708587
-4.6 -1.162213505
-4.59 -1.005296338
-4.58 -0.8578905793
-4.57 -0.7198824582
-4.56 -0.5911168431
-4.55 -0.4714026852
-4.54 -0.3605180239
-4.53 -0.2582145821
-4.52 -0.1642219777
-4.51 -0.07825157496
-4.5 1.605148656e-09
-4.49 0.07084766875
-4.48 0.1346149807
-4.47 0.1916315005
-4.46 0.2422304287
-4.45 0.2867464706
-4.44 0.3255139263
-4.43 0.3588649883
-4.42 0.3871282308
-4.41 0.410627277
-4.4 0.4296796319
-4.39 0.4445956677
-4.38 0.4556777493
-4.37 0.4632194906
-4.36 0.4675051291
-4.35 0.4688090114
-4.34 0.4673951776
-4.33 0.4635170387
-4.32 0.4574171371
-4.31 0.4493269835
-4.3 0.439466962
-4.29 0.428046299
-4.28 0.4152630865
-4.27 0.4013043573
-4.26 0.3863462036
-4.25 0.3705539368
-4.24 0.3540822818
-4.23 0.3370756018
-4.22 0.3196681508
-4.21 0.3019843483
-4.2 0.2841390738
-4.19 0.2662379784
-4.18 0.2483778081
-4.17 0.2306467401
-4.16 0.2131247252
-4.15 0.1958838377
-4.14 0.1789886286
-4.13 0.1624964804
-4.12 0.1464579629
-4.11 0.1309171875
-4.1 0.1159121585
-4.09 0.1014751209
-4.08 0.08763290294
-4.07 0.0744072527
-4.06 0.06181516756
-4.05 0.04986921628
-4.04 0.03857785253
-4.03 0.02794571956
-4.02 0.01797394544
-4.01 0.008660428472
-4 1.125351925e-07
-3.99 -0.008014748065
-3.98 -0.01539433427
-3.97 -0.0221510187
-3.96 -0.02829913289
-3.95 -0.03385474534
-3.94 -0.03883545046
-3.93 -0.04326016821
-3.92 -0.04714895449
-3.91 -0.05052282204
-3.9 -0.05340357177
-3.89 -0.05581363433
-3.88 -0.05777592169
-3.87 -0.0593136885
-3.86 -0.06045040298
-3.85 -0.06120962722
-3.84 -0.06161490635
-3.83 -0.06168966653
-3.82 -0.06145712137
-3.81 -0.06094018648
-3.8 -0.06016140187
-3.79 -0.05914286183
-3.78 -0.05790615205
-3.77 -0.05647229366
-3.76 -0.05486169376
-3.75 -0.05309410225
-3.74 -0.05118857465
-3.73 -0.0491634405
-3.72 -0.04703627704
-3.71 -0.04482388806
-3.7 -0.04254228732
-3.69 -0.04020668646
-3.68 -0.03783148713
-3.67 -0.03543027686
-3.66 -0.03301582861
-3.65 -0.03060010363
-3.64 -0.02819425743
-3.63 -0.02580864849
-3.62 -0.02345284965
-3.61 -0.02113566184
-3.6 -0.01886512986
-3.59 -0.01664856024
-3.58 -0.01449254062
-3.57 -0.01240296085
-3.56 -0.01038503526
-3.55 -0.008443326146
-3.54 -0.006581768292
-3.53 -0.004803694214
-3.52 -0.003111860148
-3.51 -0.00150847253
-3.5 4.785117387e-06
-3.49 0.001426725045
-3.48 0.002756627992
-3.47 0.003994215865
-3.46 0.005139624496
-3.45 0.006193376561
-3.44 0.00715635477
-3.43 0.008029775382
-3.42 0.008815162151
-3.41 0.009514320745
-3.4 0.01012931372
-3.39 0.01066243611
-3.38 0.01111619163
-3.37 0.01149326964
-3.36 0.0117965228
-3.35 0.01202894552
-3.34 0.0121936532
-3.33 0.01229386234
-3.32 0.01233287142
-3.31 0.01231404273
-3.3 0.01224078503
-3.29 0.01211653707
-3.28 0.01194475209
-3.27 0.01172888312
-3.26 0.0114723692
-3.25 0.0111786225
-3.24 0.01085101632
-3.23 0.0104928739
-3.22 0.0101074582
-3.21 0.009697962354
-3.2 0.009267501138
-3.19 0.008819103092
-3.18 0.008355703505
-3.17 0.007880138146
-3.16 0.00739513774
-3.15 0.006903323156
-3.14 0.006407201301
-3.13 0.00590916167
-3.12 0.005411473552
-3.11 0.004916283837
-3.1 0.004425615422
-3.09 0.003941366175
-3.08 0.003465308426
-3.07 0.002999088968
-3.06 0.002544229532
-3.05 0.002102127711
-3.04 0.001674058299
-3.03 0.001261175026
-3.02 0.00086451266
-3.01 0.0004849894355
-3 0.0001234098041
-2.99 -0.0002195325394
-2.98 -0.0005432513694
-2.97 -0.0008472644106
-2.96 -0.001131189611
-2.95 -0.001394741229
-2.94 -0.001637725765
-2.93 -0.001860037747
-2.92 -0.002061655408
-2.91 -0.00224263626
-2.9 -0.0024031126
-2.89 -0.002543286954
-2.88 -0.002663427491
-2.87 -0.002763863403
-2.86 -0.002844980302
-2.85 -0.002907215611
-2.84 -0.002951053992
-2.83 -0.002977022817
-2.82 -0.002985687689
-2.81 -0.002977648033
-2.8 -0.002953532766
-2.79 -0.002913996058
-2.78 -0.002859713188
-2.77 -0.002791376513
-2.76 -0.002709691553
-2.75 -0.002615373195
-2.74 -0.002509142038
-2.73 -0.00239172086
-2.72 -0.002263831242
-2.71 -0.002126190326
-2.7 -0.001979507727
-2.69 -0.001824482602
-2.68 -0.001661800861
-2.67 -0.001492132554
-2.66 -0.001316129395
-2.65 -0.001134422462
-2.64 -0.0009476200409
-2.63 -0.0007563056409
-2.62 -0.0005610361539
-2.61 -0.0003623401781
-2.6 -0.0001607164912
-2.59 4.336732469e-05
-2.58 0.0002494761098
-2.57 0.0004572082083
-2.56 0.0006661964075
-2.55 0.0008761087406
-2.54 0.001086649153
-2.53 0.001297558043
-2.52 0.00150861267
-2.51 0.001719627451
-2.5 0.001930454136
-2.49 0.002140981873
-2.48 0.002351137169
-2.47 0.002560883752
-2.46 0.002770222337
-2.45 0.002979190299
-2.44 0.003187861274
-2.43 0.003396344664
-2.42 0.00360478509
-2.41 0.003813361759
-2.4 0.004022287783
-2.39 0.004231809436
-2.38 0.00444220536
-2.37 0.00465378573
-2.36 0.004866891374
-2.35 0.005081892863
-2.34 0.005299189566
-2.33 0.005519208685
-2.32 0.005742404269
-2.31 0.005969256207
-2.3 0.006200269222
-2.29 0.006435971845
-2.28 0.006676915396
-2.27 0.006923672961
-2.26 0.007176838379
-2.25 0.007437025233
-2.24 0.007704865858
-2.23 0.00798101036
-2.22 0.008266125655
-2.21 0.008560894532
-2.2 0.008866014734
-2.19 0.009182198073
-2.18 0.009510169563
-2.17 0.009850666591
-2.16 0.01020443812
-2.15 0.01057224391
-2.14 0.01095485382
-2.13 0.01135304705
-2.12 0.01176761156
-2.11 0.01219934337
-2.1 0.01264904603
-2.09 0.01311753007
-2.08 0.01360561243
-2.07 0.01411411609
-2.06 0.01464386952
-2.05 0.01519570641
-2.04 0.01577046518
-2.03 0.01636898878
-2.02 0.01699212429
-2.01 0.01764072275
-2 0.01831563889
-1.99 0.01901773096
-1.98 0.01974786054
-1.97 0.02050689246
-1.96 0.02129569464
-1.95 0.02211513801
-1.94 0.0229660965
-1.93 0.02384944695
-1.92 0.02476606911
-1.91 0.02571684562
-1.9 0.02670266206
-1.89 0.02772440694
-1.88 0.02878297172
-1.87 0.02987925088
-1.86 0.03101414198
-1.85 0.03218854563
-1.84 0.03340336564
-1.83 0.03465950899
-1.82 0.0359578859
-1.81 0.03729940987
-1.8 0.03868499771
-1.79 0.04011556951
-1.78 0.04159204872
-1.77 0.04311536206
-1.76 0.04468643953
-1.75 0.04630621432
-1.74 0.04797562279
-1.73 0.0496956043
-1.72 0.05146710116
-1.71 0.05329105839
-1.7 0.05516842361
-1.69 0.05710014676
-1.68 0.0590871799
-1.67 0.06113047689
-1.66 0.06323099308
-1.65 0.06538968495
-1.64 0.06760750971
-1.63 0.06988542485
-1.62 0.07222438768
-1.61 0.07462535477
-1.6 0.07708928145
-1.59 0.07961712111
-1.58 0.08220982465
-1.57 0.08486833968
-1.56 0.08759360987
-1.55 0.0903865741
-1.54 0.09324816564
-1.53 0.09617931132
-1.52 0.09918093056
-1.51 0.1022539344
-1.5 0.1053992246
-1.49 0.1086176923
-1.48 0.1119102174
-1.47 0.115277667
-1.46 0.1187208945
-1.45 0.1222407381
-1.44 0.1258380198
-1.43 0.1295135442
-1.42 0.1332680968
-1.41 0.137102443
-1.4 0.1410173265
-1.39 0.145013468
-1.38 0.1490915638
-1.37 0.1532522841
-1.36 0.1574962718
-1.35 0.1618241407
-1.34 0.1662364743
-1.33 0.1707338239
-1.32 0.1753167072
-1.31 0.1799856069
-1.3 0.1847409686
-1.29 0.1895832
-1.28 0.1945126683
-1.27 0.1995296996
-1.26 0.2046345766
-1.25 0.2098275373
-1.24 0.2151087734
-1.23 0.2204784286
-1.22 0.2259365972
-1.21 0.2314833223
-1.2 0.2371185948
-1.19 0.2428423511
-1.18 0.2486544725
-1.17 0.2545547828
-1.16 0.2605430477
-1.15 0.2666189731
-1.14 0.2727822036
-1.13 0.2790323212
-1.12 0.2853688443
-1.11 0.2917912264
-1.1 0.2982988545
-1.09 0.3048910486
-1.08 0.3115670602
-1.07 0.3183260713
-1.06 0.3251671937
-1.05 0.3320894678
-1.04 0.339091862
-1.03 0.3461732717
-1.02 0.3533325188
-1.01 0.360568351
-1 0.3678794412
-0.99 0.3752643869
-0.98 0.3827217103
-0.97 0.3902498571
-0.96 0.397847197
-0.95 0.4055120234
-0.94 0.413242553
-0.93 0.4210369259
-0.92 0.428893206
-0.91 0.4368093807
-0.9 0.4447833616
-0.89 0.4528129845
-0.88 0.46089601
-0.87 0.4690301241
-0.86 0.4772129385
-0.85 0.4854419918
-0.84 0.4937147499
-0.83 0.502028607
-0.82 0.5103808866
-0.81 0.5187688427
-0.8 0.5271896608
-0.79 0.535640459
-0.78 0.5441182901
-0.77 0.5526201418
-0.76 0.5611429396
-0.75 0.5696835474
-0.74 0.5782387695
-0.73 0.5868053527
-0.72 0.5953799877
-0.71 0.6039593114
-0.7 0.6125399088
-0.69 0.6211183151
-0.68 0.6296910181
-0.67 0.63825446
-0.66 0.6468050405
-0.65 0.6553391185
-0.64 0.6638530149
-0.63 0.6723430151
-0.62 0.6808053719
-0.61 0.6892363077
-0.6 0.6976320176
-0.59 0.7059886722
-0.58 0.7143024201
-0.57 0.7225693913
-0.56 0.7307856998
-0.55 0.7389474468
-0.54 0.7470507235
-0.53 0.7550916145
-0.52 0.7630662007
-0.51 0.7709705625
-0.5 0.7788007831
-0.49 0.7865529512
-0.48 0.7942231651
-0.47 0.8018075351
-0.46 0.8093021871
-0.45 0.8167032659
-0.44 0.8240069385
-0.43 0.8312093972
-0.42 0.8383068629
-0.41 0.8452955884
-0.4 0.8521718619
-0.39 0.8589320096
-0.38 0.8655723996
-0.37 0.8720894448
-0.36 0.878479606
-0.35 0.8847393954
-0.34 0.8908653792
-0.33 0.896854181
-0.32 0.9027024851
-0.31 0.9084070388
-0.3 0.9139646561
-0.29 0.91937222
-0.28 0.924626686
-0.27 0.9297250841
-0.26 0.9346645222
-0.25 0.9394421884
-0.24 0.944055354
-0.23 0.9485013755
-0.22 0.9527776974
-0.21 0.9568818545
-0.2 0.9608114744
-0.19 0.9645642794
-0.18 0.9681380887
-0.17 0.9715308208
-0.16 0.9747404951
-0.15 0.9777652339
-0.14 0.980603264
-0.13 0.9832529188
-0.12 0.9857126395
-0.11 0.9879809768
-0.1 0.990056592
-0.09 0.9919382587
-0.08 0.9936248637
-0.07 0.9951154079
-0.06 0.9964090077
-0.05 0.9975048956
-0.04 0.9984024207
-0.03 0.9991010498
-0.02 0.9996003675
-0.01 0.999900077
-6.230779781e-14 1
0.01 0.999900077
0.02 0.9996003675
0.03 0.9991010498
0.04 0.9984024207
0.05 0.9975048956
0.06 0.9964090077
0.07 0.9951154079
0.08 0.9936248637
0.09 0.9919382587
0.1 0.990056592
0.11 0.9879809768
0.12 0.9857126395
0.13 0.9832529188
0.14 0.980603264
0.15 0.9777652339
0.16 0.9747404951
0.17 0.9715308208
0.18 0.9681380887
0.19 0.9645642794
0.2 0.9608114744
0.21 0.9568818545
0.22 0.9527776974
0.23 0.9485013755
0.24 0.944055354
0.25 0.9394421884
0.26 0.9346645222
0.27 0.9297250841
0.28 0.924626686
0.29 0.91937222
0.3 0.9139646561
0.31 0.9084070388
0.32 0.9027024851
0.33 0.896854181
0.34 0.8908653792
0.35 0.8847393954
0.36 0.878479606
0.37 0.8720894448
0.38 0.8655723996
0.39 0.8589320096
0.4 0.8521718619
0.41 0.8452955884
0.42 0.8383068629
0.43 0.8312093972
0.44 0.8240069385
0.45 0.8167032659
0.46 0.8093021871
0.47 0.8018075351
0.48 0.7942231651
0.49 0.7865529512
0.5 0.7788007831
0.51 0.7709705625
0.52 0.7630662007
0.53 0.7550916145
0.54 0.7470507235
0.55 0.7389474468
0.56 0.7307856998
0.57 0.7225693913
0.58 0.7143024201
0.59 0.7059886722
0.6 0.6976320176
0.61 0.6892363077
0.62 0.6808053719
0.63 0.6723430151
0.64 0.6638530149
0.65 0.6553391185
0.66 0.6468050405
0.67 0.63825446
0.68 0.6296910181
0.69 0.6211183151
0.7 0.6125399088
0.71 0.6039593114
0.72 0.5953799877
0.73 0.5868053527
0.74 0.5782387695
0.75 0.5696835474
0.76 0.5611429396
0.77 0.5526201419
0.78 0.5441182901
0.79 0.535640459
0.8 0.5271896608
0.81 0.5187688427
0.82 0.5103808866
0.83 0.502028607
0.84 0.4937147499
0.85 0.4854419918
0.86 0.4772129385
0.87 0.4690301241
0.88 0.46089601
0.89 0.4528129845
0.9 0.4447833616
0.91 0.4368093807
0.92 0.428893206
0.93 0.4210369259
0.94 0.413242553
0.95 0.4055120234
0.96 0.397847197
0.97 0.3902498571
0.98 0.3827217103
0.99 0.3752643869
1 0.3678794412
1.01 0.360568351
1.02 0.3533325188
1.03 0.3461732717
1.04 0.339091862
1.05 0.3320894678
1.06 0.3251671937
1.07 0.3183260713
1.08 0.3115670602
1.09 0.3048910486
1.1 0.2982988545
1.11 0.2917912264
1.12 0.2853688443
1.13 0.2790323212
1.14 0.2727822036
1.15 0.2666189731
1.16 0.2605430477
1.17 0.2545547828
1.18 0.2486544725
1.19 0.2428423511
1.2 0.2371185948
1.21 0.2314833223
1.22 0.2259365972
1.23 0.2204784286
1.24 0.2151087734
1.25 0.2098275373
1.26 0.2046345766
1.27 0.1995296996
1.28 0.1945126683
1.29 0.1895832
1.3 0.1847409686
1.31 0.1799856069
1.32 0.1753167072
1.33 0.1707338239
1.34 0.1662364743
1.35 0.1618241407
1.36 0.1574962718
1.37 0.1532522841
1.38 0.1490915638
1.39 0.145013468
1.4 0.1410173265
1.41 0.137102443
1.42 0.1332680968
1.43 0.1295135442
1.44 0.1258380198
1.45 0.1222407381
1.46 0.1187208945
1.47 0.115277667
1.48 0.1119102174
1.49 0.1086176923
1.5 0.1053992246
1.51 0.1022539344
1.52 0.09918093056
1.53 0.09617931132
1.54 0.09324816564
1.55 0.0903865741
1.56 0.08759360987
1.57 0.08486833968
1.58 0.08220982465
1.59 0.07961712111
1.6 0.07708928145
1.61 0.07462535477
1.62 0.07222438768
1.63 0.06988542485
1.64 0.06760750971
1.65 0.06538968495
1.66 0.06323099308
1.67 0.06113047689
1.68 0.0590871799
1.69 0.05710014676
1.7 0.05516842361
1.71 0.05329105839
1.72 0.05146710116
1.73 0.0496956043
1.74 0.04797562279
1.75 0.04630621432
1.76 0.04468643953
1.77 0.04311536206
1.78 0.04159204872
1.79 0.04011556951
1.8 0.03868499771
1.81 0.03729940987
1.82 0.0359578859
1.83 0.03465950899
1.84 0.03340336564
1.85 0.03218854563
1.86 0.03101414198
1.87 0.02987925088
1.88 0.02878297172
1.89 0.02772440694
1.9 0.02670266206
1.91 0.02571684562
1.92 0.02476606911
1.93 0.02384944695
1.94 0.0229660965
1.95 0.02211513801
1.96 0.02129569464
1.97 0.02050689246
1.98 0.01974786054
1.99 0.01901773096
2 0.01831563889
2.01 0.01764072275
2.02 0.01699212429
2.03 0.01636898878
2.04 0.01577046518
2.05 0.01519570641
2.06 0.01464386952
2.07 0.01411411609
2.08 0.01360561243
2.09 0.01311753007
2.1 0.01264904603
2.11 0.01219934337
2.12 0.01176761156
2.13 0.01135304705
2.14 0.01095485382
2.15 0.01057224391
2.16 0.01020443812
2.17 0.009850666591
2.18 0.009510169563
2.19 0.009182198073
2.2 0.008866014734
2.21 0.008560894532
2.22 0.008266125655
2.23 0.00798101036
2.24 0.007704865858
2.25 0.007437025233
2.26 0.007176838379
2.27 0.006923672961
2.28 0.006676915396
2.29 0.006435971845
2.3 0.006200269222
2.31 0.005969256207
2.32 0.005742404269
2.33 0.005519208685
2.34 0.005299189566
2.35 0.005081892863
2.36 0.004866891374
2.37 0.00465378573
2.38 0.00444220536
2.39 0.004231809436
2.4 0.004022287783
2.41 0.003813361759
2.42 0.00360478509
2.43 0.003396344664
2.44 0.003187861274
2.45 0.002979190299
2.46 0.002770222337
2.47 0.002560883752
2.48 0.002351137169
2.49 0.002140981873
2.5 0.001930454136
2.51 0.001719627451
2.52 0.00150861267
2.53 0.001297558043
2.54 0.001086649153
2.55 0.0008761087406
2.56 0.0006661964075
2.57 0.0004572082083
2.58 0.0002494761098
2.59 4.336732469e-05
2.6 -0.0001607164912
2.61 -0.0003623401781
2.62 -0.0005610361539
2.63 -0.0007563056409
2.64 -0.0009476200409
2.65 -0.001134422462
2.66 -0.001316129395
2.67 -0.001492132554
2.68 -0.001661800861
2.69 -0.001824482602
2.7 -0.001979507727
2.71 -0.002126190326
2.72 -0.002263831242
2.73 -0.00239172086
2.74 -0.002509142038
2.75 -0.002615373195
2.76 -0.002709691553
2.77 -0.002791376513
2.78 -0.002859713188
2.79 -0.002913996058
2.8 -0.002953532766
2.81 -0.002977648033
2.82 -0.002985687689
2.83 -0.002977022817
2.84 -0.002951053992
2.85 -0.002907215611
2.86 -0.002844980302
2.87 -0.002763863403
2.88 -0.002663427491
2.89 -0.002543286954
2.9 -0.0024031126
2.91 -0.00224263626
2.92 -0.002061655408
2.93 -0.001860037747
2.94 -0.001637725765
2.95 -0.001394741229
2.96 -0.001131189611
2.97 -0.0008472644106
2.98 -0.0005432513694
2.99 -0.0002195325394
3 0.0001234098041
3.01 0.0004849894355
3.02 0.00086451266
3.03 0.001261175026
3.04 0.001674058299
3.05 0.002102127711
3.06 0.002544229532
3.07 0.002999088968
3.08 0.003465308426
3.09 0.003941366175
3.1 0.004425615422
3.11 0.004916283837
3.12 0.005411473552
3.13 0.00590916167
3.14 0.006407201301
3.15 0.006903323156
3.16 0.00739513774
3.17 0.007880138146
3.18 0.008355703505
3.19 0.008819103092
3.2 0.009267501138
3.21 0.009697962354
3.22 0.0101074582
3.23 0.0104928739
3.24 0.01085101632
3.25 0.0111786225
3.26 0.0114723692
3.27 0.01172888312
3.28 0.01194475209
3.29 0.01211653707
3.3 0.01224078503
3.31 0.01231404273
3.32 0.01233287142
3.33 0.01229386234
3.34 0.0121936532
3.35 0.01202894552
3.36 0.0117965228
3.37 0.01149326964
3.38 0.01111619163
3.39 0.01066243611
3.4 0.01012931372
3.41 0.009514320745
3.42 0.008815162151
3.43 0.008029775382
3.44 0.00715635477
3.45 0.006193376561
3.46 0.005139624496
3.47 0.003994215866
3.48 0.002756627992
3.49 0.001426725045
3.5 4.785117406e-06
3.51 -0.00150847253
3.52 -0.003111860147
3.53 -0.004803694214
3.54 -0.006581768292
3.55 -0.008443326146
3.56 -0.01038503526
3.57 -0.01240296085
3.58 -0.01449254062
3.59 -0.01664856024
3.6 -0.01886512986
3.61 -0.02113566184
3.62 -0.02345284965
3.63 -0.02580864849
3.64 -0.02819425743
3.65 -0.03060010363
3.66 -0.03301582861
3.67 -0.03543027686
3.68 -0.03783148713
3.69 -0.04020668646
3.7 -0.04254228732
3.71 -0.04482388806
3.72 -0.04703627704
3.73 -0.0491634405
3.74 -0.05118857465
3.75 -0.05309410225
3.76 -0.05486169376
3.77 -0.05647229366
3.78 -0.05790615205
3.79 -0.05914286183
3.8 -0.06016140187
3.81 -0.06094018648
3.82 -0.06145712137
3.83 -0.06168966653
3.84 -0.06161490635
3.85 -0.06120962722
3.86 -0.06045040298
3.87 -0.0593136885
3.88 -0.05777592169
3.89 -0.05581363433
3.9 -0.05340357177
3.91 -0.05052282204
3.92 -0.04714895449
3.93 -0.04326016821
3.94 -0.03883545046
3.95 -0.03385474534
3.96 -0.02829913289
3.97 -0.0221510187
3.98 -0.01539433427
3.99 -0.008014748065
4 1.125350885e-07
4.01 0.008660428472
4.02 0.01797394544
4.03 0.02794571956
4.04 0.03857785253
4.05 0.04986921628
4.06 0.06181516756
4.07 0.0744072527
4.08 0.08763290294
4.09 0.1014751209
4.1 0.1159121585
4.11 0.1309171875
4.12 0.1464579629
4.13 0.1624964804
4.14 0.1789886286
4.15 0.1958838377
4.16 0.2131247252
4.17 0.2306467401
4.18 0.2483778081
4.19 0.2662379784
4.2 0.2841390738
4.21 0.3019843483
4.22 0.3196681508
4.23 0.3370756018
4.24 0.3540822818
4.25 0.3705539368
4.26 0.3863462036
4.27 0.4013043573
4.28 0.4152630865
4.29 0.428046299
4.3 0.439466962
4.31 0.4493269835
4.32 0.4574171371
4.33 0.4635170387
4.34 0.4673951776
4.35 0.4688090114
4.36 0.4675051291
4.37 0.4632194906
4.38 0.4556777493
4.39 0.4445956677
4.4 0.4296796319
4.41 0.410627277
4.42 0.3871282308
4.43 0.3588649883
4.44 0.3255139263
4.45 0.2867464706
4.46 0.2422304287
4.47 0.1916315005
4.48 0.1346149807
4.49 0.07084766875
4.5 1.60607498e-09
4.51 -0.07825157496
4.52 -0.1642219777
4.53 -0.258214582
4.54 -0.3605180239
4.55 -0.4714026852
4.56 -0.591116843
4.57 -0.7198824582
4.58 -0.8578905793
4.59 -1.005296338
4.6 -1.162213505
4.61 -1.328708587
4.62 -1.504794421
4.63 -1.690423248
4.64 -1.885479233
4.65 -2.089770375
4.66 -2.303019811
4.67 -2.524856433
4.68 -2.754804807
4.69 -2.992274344
4.7 -3.236547674
4.71 -3.486768181
4.72 -3.741926655
4.73 -4.000846999
4.74 -4.262170955
4.75 -4.524341776
4.76 -4.785586793
4.77 -5.043898824
4.78 -5.297016348
4.79 -5.542402387
4.8 -5.77722202
4.81 -5.998318468
4.82 -6.202187651
4.83 -6.38495117
4.84 -6.5423276
4.85 -6.669602031
4.86 -6.761593744
4.87 -6.81262196
4.88 -6.816469522
4.89 -6.766344451
4.9 -6.65483923
4.91 -6.473887737
4.92 -6.214719682
4.93 -5.867812457
4.94 -5.422840238
4.95 -4.868620247
4.96 -4.193055996
4.97 -3.383077408
4.98 -2.424577635
4.99 -1.302346446
5 -3.497640634e-12


